generation,best_score,avg_score
1,912,711.85
2,912,713.42
3,912,742.73
4,912,802.39
5,912,829.55
6,932,853.46
7,932,880.62
8,932,879.82
9,932,892.42
10,932,894.3
11,932,892.6
12,932,905.98
13,932,911.17
14,932,902.85
15,932,913.15
16,932,919.23
17,932,908.52
18,932,902.19
19,932,915.18
20,932,910.91
21,932,915.86
22,932,923.54
23,932,911.08
24,932,906.61
25,932,920.31
26,932,910.14
27,932,911.31
28,932,912.68
29,932,903.52
30,932,910.99
31,932,906.5
32,932,909.69
33,932,912.6
34,932,913.92
35,932,920.76
36,932,911.87
37,932,912.41
38,932,910.5
39,932,917.68
40,932,910.72
41,932,917.46
42,932,911.99
43,932,918.04
44,932,911.04
45,932,915.41
46,932,916.94
47,932,919.84
48,932,920.15
49,932,913.31
50,932,909.71
51,932,922.82
52,932,921.27
53,932,922.9
54,932,914.21
55,932,910.81
56,932,907.79
57,932,918.75
58,932,908.46
59,932,912.29
60,932,918.35
61,932,904.89
62,932,905.38
63,932,916.62
64,932,916.42
65,932,910.96
66,932,915.68
67,932,919.86
68,932,919.89
69,932,922.07
70,932,921.14
71,932,894.66
72,932,909.35
73,932,910.11
74,932,920.09
75,932,923.26
76,932,912.35
77,932,916.09
78,932,921.52
79,932,916.29
80,932,913.87
81,932,920.46
82,932,892.14
83,932,897.03
84,932,899.11
85,932,921.72
86,932,906.36
87,932,903.94
88,932,912.13
89,932,912.82
90,932,915.97
91,932,906.91
92,932,897.09
93,932,909.71
94,932,916.85
95,932,904.17
96,932,907.53
97,932,928.28
98,932,908.12
99,932,908.11
100,932,921.17
101,932,904.63
102,932,924.26
103,932,923.76
104,932,909.09
105,932,922.14
106,932,909.51
107,932,922.1
108,932,912.68
109,932,909.76
110,932,919.37
111,932,915.3
112,932,922.6
113,932,923.19
114,932,913.05
115,932,901.2
116,932,921.17
117,932,917.06
118,932,905.92
119,932,917.65
120,932,907.64
121,932,925.45
122,932,916.21
123,932,907.32
124,932,901.5
125,932,914.87
126,932,921.55
127,932,910.48
128,932,919.22
129,932,901.0
130,932,912.86
131,932,920.34
132,932,919.15
133,932,903.12
134,932,913.58
135,932,905.83
136,932,905.7
137,932,920.56
138,932,901.64
139,932,927.57
140,932,920.83
141,932,895.58
142,932,921.9
143,932,909.48
144,932,919.33
145,932,895.42
146,932,916.46
147,932,913.74
148,932,909.67
149,932,884.76
150,932,915.9
151,932,894.0
152,932,914.39
153,932,913.2
154,932,912.96
155,932,901.54
156,932,921.78
157,932,898.44
158,932,911.8
159,932,913.24
160,932,916.29
161,932,915.11
162,932,911.78
163,932,917.62
164,932,918.72
165,932,923.88
166,932,910.17
167,932,904.97
168,932,912.4
169,932,923.06
170,932,922.24
171,932,912.2
172,932,907.81
173,932,912.81
174,932,893.2
175,932,892.6
176,932,900.03
177,932,914.15
178,932,908.37
179,932,921.94
180,932,910.84
181,932,907.65
182,932,896.25
183,932,925.36
184,932,907.51
185,932,907.93
186,932,909.97
187,932,914.06
188,932,912.92
189,932,900.2
190,932,918.6
191,932,915.55
192,932,918.52
193,932,908.46
194,932,912.91
195,932,905.91
196,932,919.21
197,932,903.0
198,932,909.74
199,932,908.56
200,932,914.64
201,932,902.72
202,932,918.63
203,932,921.68
204,932,926.1
205,932,907.35
206,932,925.86
207,932,918.3
208,932,911.6
209,932,906.51
210,932,899.46
211,932,898.1
212,932,908.66
213,932,921.09
214,932,915.2
215,932,896.41
216,932,912.34
217,932,895.88
218,932,915.09
219,932,909.54
220,932,915.86
221,932,921.05
222,932,923.7
223,932,919.6
224,932,911.14
225,932,919.46
226,932,914.58
227,932,899.67
228,932,910.44
229,932,907.06
230,932,909.73
231,932,916.35
232,932,911.19
233,932,917.26
234,932,910.91
235,932,920.81
236,932,917.88
237,932,915.29
238,932,916.71
239,932,913.84
240,932,906.03
241,932,911.85
242,932,910.94
243,932,914.14
244,932,903.73
245,932,921.22
246,932,920.2
247,932,910.91
248,932,924.2
249,932,916.0
250,932,905.14
251,932,925.48
252,932,912.88
253,932,916.03
254,932,914.96
255,932,907.36
256,932,912.73
257,932,920.13
258,932,920.48
259,932,918.42
260,932,912.96
261,932,911.15
262,932,913.97
263,932,909.15
264,932,917.87
265,932,911.01
266,932,908.85
267,932,924.79
268,932,918.94
269,932,907.28
270,932,910.69
271,932,923.88
272,932,904.36
273,932,914.23
274,932,906.54
275,932,907.98
276,932,910.69
277,932,908.71
278,932,924.51
279,932,918.84
280,932,913.54
281,932,920.46
282,932,914.52
283,932,911.3
284,932,916.1
285,932,906.51
286,932,915.98
287,932,914.1
288,932,913.14
289,932,912.81
290,932,920.98
291,932,924.83
292,932,913.68
293,932,917.35
294,932,904.41
295,932,922.02
296,932,903.16
297,932,902.69
298,932,920.29
299,932,912.07
300,932,917.23
301,932,907.8
302,932,903.55
303,932,915.67
304,932,922.03
305,932,908.48
306,932,918.6
307,932,921.88
308,932,911.42
309,932,910.59
310,932,926.83
311,932,926.9
312,932,919.58
313,932,924.0
314,932,915.04
315,932,893.1
316,932,901.13
317,932,916.76
318,932,898.96
319,932,919.89
320,932,913.68
321,932,911.07
322,932,909.79
323,932,911.69
324,932,925.3
325,932,901.67
326,932,914.43
327,932,916.72
328,932,923.52
329,932,914.08
330,932,911.7
331,932,913.59
332,932,916.97
333,932,913.4
334,932,916.69
335,932,913.26
336,932,905.44
337,932,919.04
338,932,907.0
339,932,913.08
340,932,920.85
341,932,902.16
342,932,905.81
343,932,925.17
344,932,907.32
345,932,920.47
346,932,919.09
347,932,915.5
348,932,908.68
349,932,903.8
350,932,913.86
351,932,922.13
352,932,917.34
353,932,908.96
354,932,914.66
355,932,917.76
356,932,920.3
357,932,912.84
358,932,917.52
359,932,905.82
360,932,913.13
361,932,905.11
362,932,905.65
363,932,914.91
364,932,916.58
365,932,901.85
366,932,906.98
367,932,921.83
368,932,917.96
369,932,912.95
370,932,914.36
371,932,914.07
372,932,910.47
373,932,912.95
374,932,896.33
375,932,905.18
376,932,913.91
377,932,908.1
378,932,901.45
379,932,915.92
380,932,919.03
381,932,907.73
382,932,916.82
383,932,916.01
384,932,907.02
385,932,905.75
386,932,915.95
387,932,920.13
388,932,918.52
389,932,913.57
390,932,917.14
391,932,918.14
392,932,902.75
393,932,926.37
394,932,908.19
395,932,912.81
396,932,918.68
397,932,913.55
398,932,926.49
399,932,916.29
400,932,913.89
401,932,907.99
402,932,902.46
403,932,921.34
404,932,904.36
405,932,919.29
406,932,922.3
407,932,913.76
408,932,918.23
409,932,906.82
410,932,924.31
411,932,894.12
412,932,912.47
413,932,905.6
414,932,921.48
415,932,911.5
416,932,913.3
417,932,914.01
418,932,914.26
419,932,911.3
420,932,915.0
421,932,920.12
422,932,920.31
423,932,912.73
424,932,909.84
425,932,908.54
426,932,900.59
427,932,908.85
428,932,923.94
429,932,910.1
430,932,918.05
431,932,916.83
432,932,919.43
433,932,921.22
434,932,912.7
435,932,910.93
436,932,922.19
437,932,919.26
438,932,909.5
439,932,913.72
440,932,921.83
441,932,908.06
442,932,917.53
443,932,912.14
444,932,914.51
445,932,915.56
446,932,914.05
447,932,917.22
448,932,914.47
449,932,913.73
450,932,921.41
451,932,903.93
452,932,918.15
453,932,922.84
454,932,917.68
455,932,909.23
456,932,913.21
457,932,924.21
458,932,913.11
459,932,907.4
460,932,921.77
461,932,913.36
462,932,919.85
463,932,916.4
464,932,913.61
465,932,898.03
466,932,909.54
467,932,906.42
468,932,916.53
469,932,908.15
470,932,914.09
471,932,910.87
472,932,920.56
473,932,904.94
474,932,924.3
475,932,929.18
476,932,911.6
477,932,912.86
478,932,922.06
479,932,907.42
480,932,923.91
481,932,903.12
482,932,895.89
483,932,918.35
484,932,911.92
485,932,902.18
486,932,910.0
487,932,905.91
488,932,903.32
489,932,907.55
490,932,923.58
491,932,907.02
492,932,914.67
493,932,910.74
494,932,909.36
495,932,910.11
496,932,907.78
497,932,910.6
498,932,916.58
499,932,923.76
500,932,914.11
501,932,907.28
502,932,910.86
503,932,914.32
504,932,904.6
505,932,915.18
506,932,926.48
507,932,903.57
508,932,896.35
509,932,923.21
510,932,911.89
511,932,913.17
512,932,919.65
513,932,916.88
514,932,924.05
515,932,915.18
516,932,912.6
517,932,900.75
518,932,914.57
519,932,921.97
520,932,924.02
521,932,917.32
522,932,915.0
523,932,922.21
524,932,917.07
525,932,907.68
526,932,915.57
527,932,911.84
528,932,906.1
529,932,921.41
530,932,922.99
531,932,910.73
532,932,914.62
533,932,918.5
534,932,919.53
535,932,909.63
536,932,915.47
537,932,910.1
538,932,913.24
539,932,906.88
540,932,912.5
541,932,925.11
542,932,911.01
543,932,914.84
544,932,905.91
545,932,910.17
546,932,906.91
547,932,902.38
548,932,904.36
549,932,903.33
550,932,918.95
551,932,919.01
552,932,908.55
553,932,904.68
554,932,899.87
555,932,904.47
556,932,910.52
557,932,923.0
558,932,920.02
559,932,924.21
560,932,927.43
561,932,917.11
562,932,909.85
563,932,906.66
564,932,903.68
565,932,909.35
566,932,898.51
567,932,914.45
568,932,908.04
569,932,917.15
570,932,905.58
571,932,918.9
572,932,922.31
573,932,917.43
574,932,913.76
575,932,911.58
576,932,903.48
577,932,919.64
578,932,921.02
579,932,904.09
580,932,907.18
581,932,913.51
582,932,924.86
583,932,916.71
584,932,910.76
585,932,903.68
586,932,914.39
587,932,912.53
588,932,920.76
589,932,911.1
590,932,915.5
591,932,915.33
592,932,915.43
593,932,917.95
594,932,910.42
595,932,905.56
596,932,907.56
597,932,917.26
598,932,909.91
599,932,915.87
600,932,923.54
601,932,919.43
602,932,909.76
603,932,916.27
604,932,896.81
605,932,921.91
606,932,919.05
607,932,924.79
608,932,917.45
609,932,911.56
610,932,920.96
611,932,913.16
612,932,905.89
613,932,916.94
614,932,913.38
615,932,921.8
616,932,909.73
617,932,908.49
618,932,896.3
619,932,907.12
620,932,913.42
621,932,911.37
622,932,913.51
623,932,914.37
624,932,917.37
625,932,915.7
626,932,924.51
627,932,919.35
628,932,909.34
629,932,905.57
630,932,911.15
631,932,922.76
632,932,911.71
633,932,910.6
634,932,917.66
635,932,898.92
636,932,897.99
637,932,917.0
638,932,925.85
639,932,927.85
640,932,898.58
641,932,919.59
642,932,913.01
643,932,915.56
644,932,911.94
645,932,909.4
646,932,907.87
647,932,916.25
648,932,918.66
649,932,923.71
650,932,915.45
651,932,906.23
652,932,919.07
653,932,920.94
654,932,908.13
655,932,908.62
656,932,921.1
657,932,906.71
658,932,911.04
659,932,915.03
660,932,912.82
661,932,907.92
662,932,917.42
663,932,907.86
664,932,908.85
665,932,913.28
666,932,921.42
667,932,916.46
668,932,916.84
669,932,907.98
670,932,924.38
671,932,916.96
672,932,911.02
673,932,922.43
674,932,925.33
675,932,912.62
676,932,921.81
677,932,893.52
678,932,917.63
679,932,905.97
680,932,892.43
681,932,914.28
682,932,922.28
683,932,927.61
684,932,922.28
685,932,913.06
686,932,909.36
687,932,919.26
688,932,915.16
689,932,916.33
690,932,916.57
691,932,915.38
692,932,916.17
693,932,912.79
694,932,925.52
695,932,914.43
696,932,911.62
697,932,910.97
698,932,912.68
699,932,908.3
700,932,915.15
701,932,916.29
702,932,906.42
703,932,887.21
704,932,905.8
705,932,915.91
706,932,922.25
707,932,905.42
708,932,905.61
709,932,894.07
710,932,916.02
711,932,910.17
712,932,907.03
713,932,914.53
714,932,917.1
715,932,908.89
716,932,920.93
717,932,914.1
718,932,920.37
719,932,910.1
720,932,906.27
721,932,901.31
722,932,901.91
723,932,918.12
724,932,914.52
725,932,907.47
726,932,921.14
727,932,909.83
728,932,913.85
729,932,920.55
730,932,901.99
731,932,923.14
732,932,907.52
733,932,907.38
734,932,922.39
735,932,898.42
736,932,922.98
737,932,913.44
738,932,910.43
739,932,910.72
740,932,905.41
741,932,910.32
742,932,914.66
743,932,903.6
744,932,912.9
745,932,911.74
746,932,920.76
747,932,915.43
748,932,904.6
749,932,914.49
750,932,908.54
751,932,895.98
752,932,918.95
753,932,915.19
754,932,919.8
755,932,918.61
756,932,910.78
757,932,919.61
758,932,909.15
759,932,898.85
760,932,907.3
761,932,908.72
762,932,922.26
763,932,903.7
764,932,907.9
765,932,907.54
766,932,919.13
767,932,909.04
768,932,924.32
769,932,920.67
770,932,917.55
771,932,911.8
772,932,919.43
773,932,918.2
774,932,903.24
775,932,922.18
776,932,909.9
777,932,909.23
778,932,893.75
779,932,902.97
780,932,910.41
781,932,906.68
782,932,914.33
783,932,913.61
784,932,896.56
785,932,909.21
786,932,909.65
787,932,911.66
788,932,914.97
789,932,915.22
790,932,916.87
791,932,917.08
792,932,921.06
793,932,920.37
794,932,899.13
795,932,904.37
796,932,913.41
797,932,911.86
798,932,918.18
799,932,911.12
800,932,912.24
801,932,920.55
802,932,901.15
803,932,911.7
804,932,918.02
805,932,916.44
806,932,907.39
807,932,922.58
808,932,912.82
809,932,911.03
810,932,913.9
811,932,912.55
812,932,923.09
813,932,912.38
814,932,909.2
815,932,915.44
816,932,913.3
817,932,919.72
818,932,903.02
819,932,908.56
820,932,914.07
821,932,919.07
822,932,918.56
823,932,915.48
824,932,912.42
825,932,915.8
826,932,924.24
827,932,910.35
828,932,923.22
829,932,916.78
830,932,908.39
831,932,921.56
832,932,902.46
833,932,925.46
834,932,918.67
835,932,917.47
836,932,921.1
837,932,904.44
838,932,917.75
839,932,901.2
840,932,899.98
841,932,910.25
842,932,897.91
843,932,917.03
844,932,914.28
845,932,900.6
846,932,906.98
847,932,900.91
848,932,912.27
849,932,911.93
850,932,907.83
851,932,914.6
852,932,919.62
853,932,911.71
854,932,904.17
855,932,919.51
856,932,921.08
857,932,920.14
858,932,916.24
859,932,900.98
860,932,915.26
861,932,923.75
862,932,897.18
863,932,911.57
864,932,914.38
865,932,909.09
866,932,910.2
867,932,924.49
868,932,910.69
869,932,918.02
870,932,919.02
871,932,915.43
872,932,911.62
873,932,921.24
874,932,919.81
875,932,902.67
876,932,912.09
877,932,916.12
878,932,920.66
879,932,903.26
880,932,899.85
881,932,913.33
882,932,918.3
883,932,909.87
884,932,915.66
885,932,906.65
886,932,915.93
887,932,916.48
888,932,914.62
889,932,922.31
890,932,911.66
891,932,904.91
892,932,925.91
893,932,916.35
894,932,911.19
895,932,915.8
896,932,917.5
897,932,908.44
898,932,919.54
899,932,924.56
900,932,924.17
901,932,910.09
902,932,919.04
903,932,903.35
904,932,904.91
905,932,901.21
906,932,900.82
907,932,903.99
908,932,919.47
909,932,893.24
910,932,898.36
911,932,922.53
912,932,916.62
913,932,922.6
914,932,893.99
915,932,911.11
916,932,921.04
917,932,896.4
918,932,920.05
919,932,915.8
920,932,917.77
921,932,912.34
922,932,912.44
923,932,915.09
924,932,911.14
925,932,904.62
926,932,913.49
927,932,914.58
928,932,922.66
929,932,922.96
930,932,918.8
931,932,910.31
932,932,913.65
933,932,908.2
934,932,910.9
935,932,905.91
936,932,916.8
937,932,914.53
938,932,916.51
939,932,918.94
940,932,923.56
941,932,915.64
942,932,897.97
943,932,918.14
944,932,911.59
945,932,905.95
946,932,913.22
947,932,911.91
948,932,922.99
949,932,912.9
950,932,914.98
951,932,885.37
952,932,915.5
953,932,911.66
954,932,911.71
955,932,907.62
956,932,910.58
957,932,917.37
958,932,916.32
959,932,913.55
960,932,914.63
961,932,917.04
962,932,915.57
963,932,897.17
964,932,909.14
965,932,918.18
966,932,915.86
967,932,915.75
968,932,916.15
969,932,913.05
970,932,902.86
971,932,915.12
972,932,911.78
973,932,909.96
974,932,904.2
975,932,928.1
976,932,909.26
977,932,909.39
978,932,921.64
979,932,915.44
980,932,911.41
981,932,922.6
982,932,912.86
983,932,906.46
984,932,910.54
985,932,911.18
986,932,919.06
987,932,915.74
988,932,904.73
989,932,921.68
990,932,914.42
991,932,906.61
992,932,926.66
993,932,905.13
994,932,905.01
995,932,914.14
996,932,907.88
997,932,905.88
998,932,911.21
999,932,915.86
1000,932,917.67
1001,932,905.85
1002,932,903.76
1003,932,924.73
1004,932,903.18
1005,932,913.27
1006,932,914.08
1007,932,918.96
1008,932,913.11
1009,932,921.9
1010,932,921.51
1011,932,916.13
1012,932,915.55
1013,932,905.66
1014,932,910.77
1015,932,918.88
1016,932,911.63
1017,932,897.37
1018,932,911.52
1019,932,902.61
1020,932,916.15
1021,932,912.72
1022,932,918.47
1023,932,902.73
1024,932,917.64
1025,932,911.79
1026,932,906.57
1027,932,909.61
1028,932,898.46
1029,932,913.6
1030,932,920.57
1031,932,905.87
1032,932,922.25
1033,932,912.73
1034,932,912.76
1035,932,916.58
1036,932,917.05
1037,932,909.29
1038,932,910.35
1039,932,911.77
1040,932,918.35
1041,932,915.71
1042,932,911.53
1043,932,908.21
1044,932,913.84
1045,932,926.35
1046,932,907.08
1047,932,914.6
1048,932,909.85
1049,932,907.87
1050,932,914.63
1051,932,899.78
1052,932,915.96
1053,932,907.76
1054,932,919.32
1055,932,909.17
1056,932,916.75
1057,932,909.63
1058,932,912.11
1059,932,911.15
1060,932,907.17
1061,932,909.09
1062,932,904.2
1063,932,903.16
1064,932,910.43
1065,932,905.62
1066,932,919.95
1067,932,890.48
1068,932,914.98
1069,932,913.43
1070,932,903.42
1071,932,914.05
1072,932,903.38
1073,932,913.37
1074,932,912.3
1075,932,914.5
1076,932,914.72
1077,932,907.25
1078,932,908.39
1079,932,907.19
1080,932,923.86
1081,932,917.17
1082,932,919.12
1083,932,917.41
1084,932,912.84
1085,932,914.88
1086,932,908.42
1087,932,917.37
1088,932,918.18
1089,932,905.75
1090,932,915.27
1091,932,912.52
1092,932,915.64
1093,932,912.28
1094,932,917.4
1095,932,886.54
1096,932,916.01
1097,932,904.31
1098,932,910.02
1099,932,920.71
1100,932,920.09
1101,932,909.45
1102,932,911.01
1103,932,915.32
1104,932,911.31
1105,932,923.76
1106,932,914.15
1107,932,904.46
1108,932,903.77
1109,932,910.96
1110,932,910.85
1111,932,913.04
1112,932,906.1
1113,932,924.99
1114,932,912.41
1115,932,907.56
1116,932,922.5
1117,932,903.98
1118,932,918.43
1119,932,912.96
1120,932,907.6
1121,932,914.71
1122,932,903.06
1123,932,922.89
1124,932,920.96
1125,932,916.14
1126,932,917.68
1127,932,919.34
1128,932,903.17
1129,932,907.8
1130,932,918.31
1131,932,914.6
1132,932,909.88
1133,932,912.18
1134,932,907.91
1135,932,913.93
1136,932,910.84
1137,932,910.97
1138,932,906.16
1139,932,914.9
1140,932,916.68
1141,932,924.04
1142,932,902.62
1143,932,911.3
1144,932,911.22
1145,932,889.7
1146,932,909.48
1147,932,906.93
1148,932,909.79
1149,932,910.01
1150,932,900.6
1151,932,896.01
1152,932,891.61
1153,932,909.77
1154,932,914.64
1155,932,922.79
1156,932,909.79
1157,932,918.85
1158,932,912.83
1159,932,915.69
1160,932,920.61
1161,932,929.52
1162,932,903.65
1163,932,909.2
1164,932,918.85
1165,932,918.17
1166,932,912.92
1167,932,897.33
1168,932,921.77
1169,932,918.5
1170,932,916.8
1171,932,924.93
1172,932,908.84
1173,932,904.23
1174,932,900.92
1175,932,913.34
1176,932,921.4
1177,932,914.14
1178,932,915.53
1179,932,913.39
1180,932,901.42
1181,932,911.01
1182,932,907.61
1183,932,902.89
1184,932,919.03
1185,932,914.27
1186,932,918.2
1187,932,900.84
1188,932,916.15
1189,932,917.6
1190,932,911.04
1191,932,914.61
1192,932,921.67
1193,932,920.34
1194,932,914.42
1195,932,914.77
1196,932,915.49
1197,932,914.1
1198,932,913.48
1199,932,919.2
1200,932,916.76
1201,932,912.55
1202,932,915.97
1203,932,907.39
1204,932,925.62
1205,932,905.61
1206,932,898.73
1207,932,907.77
1208,932,916.61
1209,932,910.79
1210,932,910.73
1211,932,909.34
1212,932,916.56
1213,932,916.89
1214,932,910.1
1215,932,920.96
1216,932,913.27
1217,932,909.03
1218,932,912.74
1219,932,904.57
1220,932,903.6
1221,932,917.79
1222,932,909.26
1223,932,915.4
1224,932,913.44
1225,932,904.26
1226,932,919.13
1227,932,902.91
1228,932,921.35
1229,932,918.22
1230,932,899.41
1231,932,919.44
1232,932,919.8
1233,932,912.25
1234,932,924.06
1235,932,902.91
1236,932,913.1
1237,932,917.64
1238,932,914.17
1239,932,916.82
1240,932,901.18
1241,932,916.41
1242,932,906.62
1243,932,908.58
1244,932,908.79
1245,932,920.06
1246,932,907.27
1247,932,912.2
1248,932,909.65
1249,932,911.15
1250,932,912.03
1251,932,913.41
1252,932,917.28
1253,932,897.75
1254,932,917.31
1255,932,905.06
1256,932,902.44
1257,932,919.82
1258,932,919.07
1259,932,917.05
1260,932,911.02
1261,932,912.59
1262,932,908.64
1263,932,922.46
1264,932,927.56
1265,932,927.39
1266,932,920.07
1267,932,921.87
1268,932,914.2
1269,932,913.66
1270,932,918.65
1271,932,919.18
1272,932,897.23
1273,932,909.8
1274,932,913.54
1275,932,893.53
1276,932,921.17
1277,932,903.07
1278,932,906.33
1279,932,924.54
1280,932,910.86
1281,932,922.01
1282,932,910.04
1283,932,924.3
1284,932,923.14
1285,932,915.67
1286,932,916.91
1287,932,925.94
1288,932,905.25
1289,932,890.04
1290,932,909.29
1291,932,901.57
1292,932,914.14
1293,932,903.19
1294,932,905.63
1295,932,909.89
1296,932,912.0
1297,932,912.16
1298,932,912.3
1299,932,902.25
1300,932,910.83
1301,932,904.98
1302,932,903.83
1303,932,902.81
1304,932,910.79
1305,932,908.33
1306,932,915.57
1307,932,909.26
1308,932,922.34
1309,932,928.89
1310,932,912.91
1311,932,924.02
1312,932,917.87
1313,932,919.96
1314,932,905.69
1315,932,914.81
1316,932,921.35
1317,932,898.98
1318,932,910.73
1319,932,920.62
1320,932,912.86
1321,932,907.01
1322,932,909.52
1323,932,906.31
1324,932,919.77
1325,932,921.65
1326,932,911.32
1327,932,903.85
1328,932,914.34
1329,932,892.82
1330,932,905.1
1331,932,906.84
1332,932,909.25
1333,932,920.86
1334,932,921.71
1335,932,912.93
1336,932,919.52
1337,932,910.52
1338,932,896.38
1339,932,909.23
1340,932,904.14
1341,932,913.65
1342,932,913.67
1343,932,908.18
1344,932,922.04
1345,932,920.02
1346,932,911.9
1347,932,918.1
1348,932,914.42
1349,932,918.4
1350,932,893.48
1351,932,915.43
1352,932,923.18
1353,932,913.05
1354,932,916.65
1355,932,919.09
1356,932,919.96
1357,932,911.64
1358,932,909.59
1359,932,914.34
1360,932,920.41
1361,932,912.13
1362,932,914.17
1363,932,913.19
1364,932,920.77
1365,932,908.1
1366,932,914.71
1367,932,912.9
1368,932,913.58
1369,932,905.62
1370,932,909.59
1371,932,918.27
1372,932,917.18
1373,932,917.37
1374,932,895.92
1375,932,907.4
1376,932,904.56
1377,932,913.65
1378,932,903.4
1379,932,918.32
1380,932,920.61
1381,932,904.46
1382,932,913.14
1383,932,909.72
1384,932,909.96
1385,932,917.42
1386,932,919.59
1387,932,893.07
1388,932,914.14
1389,932,915.48
1390,932,915.12
1391,932,916.97
1392,932,917.52
1393,932,912.34
1394,932,912.29
1395,932,911.44
1396,932,917.4
1397,932,913.15
1398,932,918.81
1399,932,904.4
1400,932,895.3
1401,932,905.57
1402,932,924.52
1403,932,903.11
1404,932,922.69
1405,932,917.09
1406,932,927.38
1407,932,897.79
1408,932,916.43
1409,932,925.6
1410,932,900.85
1411,932,903.74
1412,932,919.38
1413,932,910.1
1414,932,910.79
1415,932,911.91
1416,932,910.57
1417,932,901.34
1418,932,914.99
1419,932,907.83
1420,932,909.52
1421,932,919.44
1422,932,910.03
1423,932,898.22
1424,932,922.9
1425,932,913.51
1426,932,917.78
1427,932,912.79
1428,932,926.75
1429,932,905.58
1430,932,903.86
1431,932,910.88
1432,932,907.62
1433,932,919.02
1434,932,906.73
1435,932,918.5
1436,932,909.43
1437,932,916.4
1438,932,898.98
1439,932,912.81
1440,932,913.64
1441,932,908.05
1442,932,914.19
1443,932,919.41
1444,932,906.84
1445,932,912.87
1446,932,918.12
1447,932,918.86
1448,932,913.34
1449,932,925.53
1450,932,914.02
1451,932,901.86
1452,932,915.7
1453,932,912.26
1454,932,906.34
1455,932,921.17
1456,932,922.27
1457,932,909.46
1458,932,911.29
1459,932,918.61
1460,932,907.78
1461,932,917.05
1462,932,915.47
1463,932,918.73
1464,932,906.33
1465,932,919.58
1466,932,903.61
1467,932,913.93
1468,932,913.82
1469,932,907.28
1470,932,918.28
1471,932,910.88
1472,932,909.46
1473,932,899.38
1474,932,917.69
1475,932,924.88
1476,932,912.37
1477,932,910.91
1478,932,916.62
1479,932,918.2
1480,932,914.93
1481,932,918.84
1482,932,919.66
1483,932,909.21
1484,932,900.86
1485,932,921.83
1486,932,903.84
1487,932,910.01
1488,932,908.98
1489,932,916.55
1490,932,918.93
1491,932,915.42
1492,932,920.16
1493,932,909.92
1494,932,911.96
1495,932,906.24
1496,932,921.36
1497,932,906.13
1498,932,907.68
1499,932,913.04
1500,932,921.72
1501,932,923.07
1502,932,910.36
1503,932,913.42
1504,932,925.63
1505,932,894.16
1506,932,915.02
1507,932,907.15
1508,932,920.36
1509,932,913.25
1510,932,905.87
1511,932,913.14
1512,932,917.83
1513,932,915.33
1514,932,911.32
1515,932,901.35
1516,932,909.33
1517,932,919.63
1518,932,918.55
1519,932,910.27
1520,932,903.39
1521,932,902.21
1522,932,915.34
1523,932,905.3
1524,932,909.14
1525,932,910.26
1526,932,913.33
1527,932,910.82
1528,932,906.57
1529,932,915.8
1530,932,912.69
1531,932,920.63
1532,932,912.76
1533,932,918.53
1534,932,915.87
1535,932,915.75
1536,932,909.69
1537,932,912.86
1538,932,908.16
1539,932,921.61
1540,932,926.1
1541,932,918.17
1542,932,906.22
1543,932,919.08
1544,932,901.2
1545,932,917.48
1546,932,900.4
1547,932,892.34
1548,932,909.69
1549,932,921.48
1550,932,913.37
1551,932,915.21
1552,932,919.75
1553,932,909.91
1554,932,912.78
1555,932,904.32
1556,932,908.54
1557,932,909.01
1558,932,914.54
1559,932,918.03
1560,932,911.34
1561,932,915.96
1562,932,918.8
1563,932,913.38
1564,932,919.4
1565,932,901.1
1566,932,908.63
1567,932,915.26
1568,932,910.01
1569,932,924.19
1570,932,921.91
1571,932,910.11
1572,932,918.43
1573,932,908.27
1574,932,911.73
1575,932,918.32
1576,932,913.01
1577,932,912.96
1578,932,913.2
1579,932,914.57
1580,932,918.68
1581,932,910.62
1582,932,923.15
1583,932,909.11
1584,932,902.22
1585,932,914.6
1586,932,914.31
1587,932,893.84
1588,932,906.47
1589,932,920.91
1590,932,910.31
1591,932,903.4
1592,932,924.08
1593,932,913.46
1594,932,910.49
1595,932,904.63
1596,932,919.09
1597,932,927.65
1598,932,915.2
1599,932,904.42
1600,932,913.62
1601,932,916.53
1602,932,925.5
1603,932,899.85
1604,932,901.75
1605,932,907.46
1606,932,917.95
1607,932,911.08
1608,932,920.04
1609,932,915.58
1610,932,902.52
1611,932,917.96
1612,932,917.59
1613,932,912.27
1614,932,909.45
1615,932,916.77
1616,932,906.2
1617,932,914.44
1618,932,922.01
1619,932,898.31
1620,932,911.24
1621,932,905.25
1622,932,891.66
1623,932,912.64
1624,932,918.7
1625,932,919.21
1626,932,913.21
1627,932,909.54
1628,932,910.74
1629,932,917.32
1630,932,916.35
1631,932,918.51
1632,932,898.09
1633,932,912.29
1634,932,910.58
1635,932,910.37
1636,932,911.63
1637,932,897.74
1638,932,907.48
1639,932,905.87
1640,932,914.56
1641,932,915.45
1642,932,909.6
1643,932,921.0
1644,932,922.38
1645,932,909.8
1646,932,919.92
1647,932,914.86
1648,932,904.37
1649,932,911.23
1650,932,927.31
1651,932,919.45
1652,932,915.7
1653,932,907.18
1654,932,919.17
1655,932,914.73
1656,932,919.82
1657,932,897.47
1658,932,922.24
1659,932,919.79
1660,932,915.59
1661,932,919.94
1662,932,889.91
1663,932,913.09
1664,932,891.38
1665,932,905.51
1666,932,908.28
1667,932,907.81
1668,932,903.19
1669,932,922.9
1670,932,914.42
1671,932,919.63
1672,932,928.3
1673,932,912.31
1674,932,909.67
1675,932,900.35
1676,932,915.51
1677,932,905.08
1678,932,914.68
1679,932,914.28
1680,932,923.6
1681,932,916.2
1682,932,919.0
1683,932,921.69
1684,932,914.37
1685,932,897.6
1686,932,904.21
1687,932,913.55
1688,932,916.38
1689,932,908.09
1690,932,905.82
1691,932,918.15
1692,932,924.77
1693,932,917.86
1694,932,916.18
1695,932,905.74
1696,932,909.99
1697,932,917.6
1698,932,899.87
1699,932,919.82
1700,932,885.8
1701,932,909.08
1702,932,919.84
1703,932,900.65
1704,932,911.64
1705,932,906.81
1706,932,910.48
1707,932,898.41
1708,932,923.28
1709,932,909.23
1710,932,916.03
1711,932,911.68
1712,932,913.65
1713,932,908.58
1714,932,918.37
1715,932,910.46
1716,932,911.77
1717,932,918.72
1718,932,912.53
1719,932,901.28
1720,932,897.42
1721,932,924.44
1722,932,918.81
1723,932,912.59
1724,932,902.23
1725,932,913.8
1726,932,919.19
1727,932,912.39
1728,932,902.9
1729,932,909.27
1730,932,921.23
1731,932,892.41
1732,932,917.36
1733,932,919.53
1734,932,925.12
1735,932,903.7
1736,932,915.84
1737,932,929.0
1738,932,910.63
1739,932,917.27
1740,932,925.41
1741,932,892.68
1742,932,896.4
1743,932,921.37
1744,932,927.27
1745,932,920.85
1746,932,915.75
1747,932,902.58
1748,932,908.02
1749,932,911.87
1750,932,910.14
1751,932,912.16
1752,932,906.58
1753,932,923.7
1754,932,920.64
1755,932,924.84
1756,932,921.14
1757,932,907.79
1758,932,916.51
1759,932,911.02
1760,932,917.74
1761,932,920.55
1762,932,917.73
1763,932,907.71
1764,932,916.16
1765,932,916.91
1766,932,910.49
1767,932,919.85
1768,932,911.65
1769,932,919.7
1770,932,920.75
1771,932,914.46
1772,932,920.25
1773,932,905.13
1774,932,913.65
1775,932,912.93
1776,932,910.26
1777,932,910.35
1778,932,901.01
1779,932,911.14
1780,932,908.56
1781,932,917.05
1782,932,911.55
1783,932,919.75
1784,932,907.62
1785,932,906.2
1786,932,909.19
1787,932,908.45
1788,932,901.57
1789,932,912.2
1790,932,916.63
1791,932,926.78
1792,932,916.1
1793,932,924.02
1794,932,915.08
1795,932,910.41
1796,932,924.39
1797,932,907.14
1798,932,913.88
1799,932,902.19
1800,932,919.6
1801,932,921.55
1802,932,911.04
1803,932,895.98
1804,932,921.71
1805,932,918.3
1806,932,915.58
1807,932,917.32
1808,932,920.76
1809,932,921.59
1810,932,901.68
1811,932,912.73
1812,932,923.34
1813,932,910.54
1814,932,925.7
1815,932,913.61
1816,932,914.65
1817,932,917.22
1818,932,920.05
1819,932,906.51
1820,932,907.29
1821,932,909.84
1822,932,921.29
1823,932,910.97
1824,932,920.54
1825,932,908.81
1826,932,920.62
1827,932,924.01
1828,932,895.65
1829,932,907.56
1830,932,900.99
1831,932,914.39
1832,932,920.06
1833,932,919.85
1834,932,908.32
1835,932,917.18
1836,932,913.96
1837,932,909.4
1838,932,925.07
1839,932,912.11
1840,932,917.58
1841,932,925.61
1842,932,916.91
1843,932,911.52
1844,932,900.05
1845,932,918.08
1846,932,916.9
1847,932,906.06
1848,932,915.32
1849,932,895.54
1850,932,916.58
1851,932,898.37
1852,932,909.4
1853,932,899.33
1854,932,904.54
1855,932,923.34
1856,932,904.12
1857,932,914.15
1858,932,917.08
1859,932,919.25
1860,932,902.02
1861,932,914.5
1862,932,916.85
1863,932,905.63
1864,932,908.48
1865,932,905.13
1866,932,916.11
1867,932,902.81
1868,932,910.13
1869,932,900.53
1870,932,919.06
1871,932,914.32
1872,932,897.3
1873,932,911.48
1874,932,909.9
1875,932,915.3
1876,932,903.95
1877,932,918.48
1878,932,912.55
1879,932,899.99
1880,932,917.93
1881,932,915.65
1882,932,910.42
1883,932,911.36
1884,932,914.99
1885,932,917.01
1886,932,903.79
1887,932,919.44
1888,932,910.13
1889,932,913.71
1890,932,917.43
1891,932,909.93
1892,932,903.37
1893,932,905.11
1894,932,913.37
1895,932,913.26
1896,932,918.36
1897,932,903.46
1898,932,923.6
1899,932,918.34
1900,932,921.55
1901,932,903.66
1902,932,915.89
1903,932,908.75
1904,932,916.44
1905,932,904.69
1906,932,911.05
1907,932,914.88
1908,932,914.87
1909,932,916.37
1910,932,922.51
1911,932,915.03
1912,932,904.96
1913,932,921.62
1914,932,918.26
1915,932,925.66
1916,932,924.3
1917,932,912.6
1918,932,911.1
1919,932,912.04
1920,932,909.85
1921,932,913.46
1922,932,916.48
1923,932,913.81
1924,932,916.46
1925,932,913.42
1926,932,916.14
1927,932,917.06
1928,932,909.46
1929,932,909.54
1930,932,916.07
1931,932,924.33
1932,932,912.1
1933,932,925.58
1934,932,909.06
1935,932,901.87
1936,932,908.39
1937,932,903.13
1938,932,912.77
1939,932,908.5
1940,932,915.0
1941,932,912.02
1942,932,917.62
1943,932,918.31
1944,932,915.02
1945,932,911.53
1946,932,919.95
1947,932,919.78
1948,932,921.45
1949,932,912.27
1950,932,915.02
1951,932,910.3
1952,932,913.76
1953,932,912.01
1954,932,917.17
1955,932,912.18
1956,932,907.05
1957,932,906.59
1958,932,916.77
1959,932,914.56
1960,932,902.57
1961,932,921.14
1962,932,920.02
1963,932,917.08
1964,932,911.29
1965,932,918.85
1966,932,909.88
1967,932,921.56
1968,932,905.42
1969,932,904.83
1970,932,917.5
1971,932,910.77
1972,932,898.23
1973,932,912.46
1974,932,914.69
1975,932,919.59
1976,932,919.61
1977,932,912.27
1978,932,909.18
1979,932,905.35
1980,932,914.79
1981,932,911.59
1982,932,917.49
1983,932,917.02
1984,932,897.34
1985,932,912.65
1986,932,909.72
1987,932,908.85
1988,932,910.75
1989,932,911.46
1990,932,917.51
1991,932,911.04
1992,932,912.71
1993,932,916.45
1994,932,910.27
1995,932,912.04
1996,932,918.18
1997,932,909.68
1998,932,924.55
1999,932,902.15
2000,932,909.36
2001,932,902.71
2002,932,894.16
2003,932,919.26
2004,932,905.53
2005,932,895.3
2006,932,907.83
2007,932,924.9
2008,932,924.52
2009,932,921.45
2010,932,908.62
2011,932,920.18
2012,932,915.7
2013,932,919.4
2014,932,919.13
2015,932,898.01
2016,932,913.18
2017,932,906.2
2018,932,908.91
2019,932,913.19
2020,932,909.07
2021,932,925.65
2022,932,921.64
2023,932,906.16
2024,932,902.0
2025,932,901.29
2026,932,921.82
2027,932,920.79
2028,932,915.76
2029,932,921.06
2030,932,919.62
2031,932,912.83
2032,932,923.43
2033,932,899.7
2034,932,907.24
2035,932,915.05
2036,932,910.44
2037,932,909.14
2038,932,910.56
2039,932,917.27
2040,932,910.94
2041,932,906.5
2042,932,907.94
2043,932,896.35
2044,932,913.76
2045,932,913.07
2046,932,919.22
2047,932,910.11
2048,932,909.53
2049,932,918.45
2050,932,916.29
2051,932,913.31
2052,932,913.13
2053,932,915.52
2054,932,915.22
2055,932,907.94
2056,932,912.32
2057,932,919.14
2058,932,912.43
2059,932,905.94
2060,932,910.97
2061,932,917.9
2062,932,912.48
2063,932,913.0
2064,932,922.8
2065,932,909.66
2066,932,904.41
2067,932,919.19
2068,932,905.97
2069,932,920.29
2070,932,911.31
2071,932,907.49
2072,932,914.54
2073,932,919.94
2074,932,903.24
2075,932,908.29
2076,932,903.85
2077,932,909.65
2078,932,921.73
2079,932,916.62
2080,932,908.4
2081,932,902.87
2082,932,925.05
2083,932,912.53
2084,932,915.58
2085,932,909.33
2086,932,918.32
2087,932,904.79
2088,932,923.63
2089,932,893.13
2090,932,909.31
2091,932,919.37
2092,932,912.32
2093,932,909.74
2094,932,904.71
2095,932,909.99
2096,932,922.03
2097,932,911.78
2098,932,922.92
2099,932,918.78
2100,932,922.72
2101,932,909.93
2102,932,912.94
2103,932,915.38
2104,932,891.58
2105,932,916.53
2106,932,914.2
2107,932,903.72
2108,932,919.39
2109,932,917.6
2110,932,901.28
2111,932,914.48
2112,932,912.89
2113,932,913.63
2114,932,921.71
2115,932,911.54
2116,932,916.73
2117,932,923.58
2118,932,910.1
2119,932,909.57
2120,932,920.21
2121,932,912.55
2122,932,898.84
2123,932,912.42
2124,932,919.94
2125,932,907.71
2126,932,914.06
2127,932,917.85
2128,932,909.45
2129,932,918.15
2130,932,899.03
2131,932,915.51
2132,932,906.14
2133,932,919.25
2134,932,925.67
2135,932,907.55
2136,932,914.25
2137,932,905.57
2138,932,906.58
2139,932,920.16
2140,932,901.36
2141,932,921.68
2142,932,908.27
2143,932,927.53
2144,932,921.67
2145,932,912.12
2146,932,917.4
2147,932,914.94
2148,932,914.47
2149,932,914.76
2150,932,914.3
2151,932,907.88
2152,932,920.09
2153,932,905.97
2154,932,910.83
2155,932,914.78
2156,932,923.99
2157,932,920.78
2158,932,911.04
2159,932,922.34
2160,932,897.63
2161,932,919.71
2162,932,910.83
2163,932,920.3
2164,932,909.43
2165,932,914.14
2166,932,922.55
2167,932,917.62
2168,932,902.85
2169,932,911.6
2170,932,916.87
2171,932,919.9
2172,932,908.82
2173,932,911.45
2174,932,905.83
2175,932,921.87
2176,932,921.41
2177,932,916.78
2178,932,908.99
2179,932,911.83
2180,932,902.84
2181,932,910.03
2182,932,914.44
2183,932,913.19
2184,932,915.9
2185,932,910.21
2186,932,907.72
2187,932,924.81
2188,932,917.17
2189,932,916.25
2190,932,901.7
2191,932,913.99
2192,932,910.7
2193,932,907.91
2194,932,927.36
2195,932,924.87
2196,932,922.53
2197,932,898.6
2198,932,903.79
2199,932,921.4
2200,932,908.3
2201,932,914.78
2202,932,903.76
2203,932,907.91
2204,932,920.65
2205,932,921.86
2206,932,911.41
2207,932,907.88
2208,932,905.9
2209,932,903.14
2210,932,912.86
2211,932,910.0
2212,932,920.7
2213,932,914.04
2214,932,916.19
2215,932,904.48
2216,932,914.94
2217,932,899.31
2218,932,920.36
2219,932,914.26
2220,932,922.99
2221,932,906.75
2222,932,907.07
2223,932,915.26
2224,932,900.95
2225,932,911.3
2226,932,908.99
2227,932,914.36
2228,932,907.03
2229,932,902.65
2230,932,907.63
2231,932,905.82
2232,932,909.66
2233,932,904.58
2234,932,915.97
2235,932,913.39
2236,932,912.11
2237,932,922.77
2238,932,917.21
2239,932,905.31
2240,932,917.47
2241,932,914.2
2242,932,914.1
2243,932,917.23
2244,932,920.03
2245,932,916.4
2246,932,911.51
2247,932,910.35
2248,932,926.54
2249,932,911.09
2250,932,922.48
2251,932,898.18
2252,932,908.08
2253,932,913.1
2254,932,910.44
2255,932,907.92
2256,932,920.15
2257,932,907.14
2258,932,913.47
2259,932,917.9
2260,932,911.75
2261,932,911.54
2262,932,912.42
2263,932,920.24
2264,932,912.4
2265,932,922.83
2266,932,926.36
2267,932,923.15
2268,932,916.18
2269,932,906.76
2270,932,916.03
2271,932,910.11
2272,932,911.81
2273,932,906.36
2274,932,923.39
2275,932,919.28
2276,932,901.96
2277,932,911.56
2278,932,898.07
2279,932,912.74
2280,932,908.86
2281,932,907.55
2282,932,905.23
2283,932,905.71
2284,932,902.41
2285,932,908.21
2286,932,912.74
2287,932,911.95
2288,932,921.6
2289,932,913.3
2290,932,906.17
2291,932,897.01
2292,932,915.09
2293,932,908.39
2294,932,919.99
2295,932,911.81
2296,932,916.44
2297,932,918.23
2298,932,915.23
2299,932,900.01
2300,932,914.47
2301,932,904.7
2302,932,913.94
2303,932,915.54
2304,932,917.12
2305,932,909.99
2306,932,915.27
2307,932,900.27
2308,932,908.45
2309,932,905.23
2310,932,918.69
2311,932,908.87
2312,932,907.08
2313,932,911.26
2314,932,895.92
2315,932,915.71
2316,932,904.96
2317,932,904.81
2318,932,906.92
2319,932,922.73
2320,932,916.96
2321,932,909.47
2322,932,921.56
2323,932,915.45
2324,932,913.35
2325,932,911.05
2326,932,912.05
2327,932,917.68
2328,932,899.79
2329,932,908.95
2330,932,915.56
2331,932,906.89
2332,932,913.38
2333,932,909.57
2334,932,911.17
2335,932,907.59
2336,932,913.85
2337,932,897.48
2338,932,911.43
2339,932,916.22
2340,932,904.65
2341,932,906.34
2342,932,910.95
2343,932,915.03
2344,932,899.1
2345,932,913.66
2346,932,908.74
2347,932,901.47
2348,932,913.24
2349,932,919.33
2350,932,904.86
2351,932,907.72
2352,932,914.51
2353,932,915.6
2354,932,917.54
2355,932,913.74
2356,932,915.91
2357,932,915.35
2358,932,918.87
2359,932,913.24
2360,932,913.24
2361,932,906.69
2362,932,908.29
2363,932,907.91
2364,932,902.86
2365,932,921.47
2366,932,899.7
2367,932,920.06
2368,932,907.4
2369,932,922.7
2370,932,908.64
2371,932,912.27
2372,932,910.49
2373,932,915.8
2374,932,911.03
2375,932,906.6
2376,932,908.71
2377,932,913.76
2378,932,895.09
2379,932,918.71
2380,932,923.22
2381,932,900.2
2382,932,909.25
2383,932,920.71
2384,932,918.57
2385,932,904.38
2386,932,910.03
2387,932,914.05
2388,932,912.72
2389,932,925.15
2390,932,918.75
2391,932,920.25
2392,932,924.87
2393,932,918.31
2394,932,910.16
2395,932,926.08
2396,932,921.46
2397,932,910.32
2398,932,924.29
2399,932,917.52
2400,932,915.3
2401,932,910.59
2402,932,911.09
2403,932,909.57
2404,932,922.88
2405,932,917.06
2406,932,911.49
2407,932,911.63
2408,932,906.2
2409,932,907.9
2410,932,913.36
2411,932,911.48
2412,932,919.08
2413,932,906.24
2414,932,903.74
2415,932,924.83
2416,932,913.12
2417,932,914.35
2418,932,908.64
2419,932,921.53
2420,932,901.68
2421,932,912.33
2422,932,925.76
2423,932,925.18
2424,932,917.44
2425,932,919.39
2426,932,915.37
2427,932,916.62
2428,932,896.96
2429,932,913.7
2430,932,910.24
2431,932,911.04
2432,932,910.73
2433,932,900.19
2434,932,912.31
2435,932,898.6
2436,932,910.98
2437,932,916.45
2438,932,918.39
2439,932,918.57
2440,932,904.33
2441,932,917.47
2442,932,922.97
2443,932,903.28
2444,932,897.69
2445,932,919.62
2446,932,908.17
2447,932,920.08
2448,932,913.12
2449,932,916.91
2450,932,919.05
2451,932,912.06
2452,932,899.86
2453,932,907.42
2454,932,913.04
2455,932,919.25
2456,932,912.52
2457,932,916.88
2458,932,911.88
2459,932,912.08
2460,932,905.15
2461,932,906.03
2462,932,922.12
2463,932,912.8
2464,932,923.1
2465,932,914.75
2466,932,903.54
2467,932,919.63
2468,932,919.49
2469,932,913.82
2470,932,916.26
2471,932,907.06
2472,932,921.89
2473,932,915.25
2474,932,927.26
2475,932,915.82
2476,932,910.07
2477,932,923.13
2478,932,912.42
2479,932,915.24
2480,932,903.64
2481,932,909.35
2482,932,921.12
2483,932,912.03
2484,932,915.9
2485,932,906.19
2486,932,898.85
2487,932,907.8
2488,932,903.31
2489,932,917.45
2490,932,904.4
2491,932,912.22
2492,932,904.88
2493,932,918.99
2494,932,919.18
2495,932,922.12
2496,932,916.94
2497,932,924.83
2498,932,917.44
2499,932,902.41
2500,932,913.39
2501,932,897.78
2502,932,909.02
2503,932,918.12
2504,932,919.18
2505,932,915.13
2506,932,914.15
2507,932,907.03
2508,932,905.72
2509,932,908.05
2510,932,910.45
2511,932,912.96
2512,932,912.93
2513,932,924.99
2514,932,907.44
2515,932,903.05
2516,932,913.45
2517,932,913.61
2518,932,916.52
2519,932,921.59
2520,932,909.99
2521,932,906.37
2522,932,923.79
2523,932,910.1
2524,932,917.55
2525,932,898.77
2526,932,921.66
2527,932,924.71
2528,932,895.77
2529,932,905.62
2530,932,922.25
2531,932,921.66
2532,932,918.03
2533,932,918.29
2534,932,910.78
2535,932,925.1
2536,932,905.86
2537,932,918.98
2538,932,913.35
2539,932,916.43
2540,932,908.22
2541,932,908.98
2542,932,905.51
2543,932,903.32
2544,932,913.69
2545,932,916.19
2546,932,906.02
2547,932,922.71
2548,932,915.64
2549,932,916.35
2550,932,910.86
2551,932,911.63
2552,932,905.94
2553,932,912.59
2554,932,916.68
2555,932,901.94
2556,932,919.08
2557,932,915.18
2558,932,913.15
2559,932,903.47
2560,932,902.17
2561,932,912.86
2562,932,914.37
2563,932,919.82
2564,932,910.7
2565,932,926.21
2566,932,916.95
2567,932,908.73
2568,932,909.53
2569,932,922.62
2570,932,912.83
2571,932,921.01
2572,932,912.85
2573,932,906.5
2574,932,915.09
2575,932,908.74
2576,932,907.34
2577,932,919.48
2578,932,907.14
2579,932,910.35
2580,932,916.06
2581,932,907.6
2582,932,909.1
2583,932,907.38
2584,932,907.68
2585,932,915.77
2586,932,905.3
2587,932,908.4
2588,932,920.88
2589,932,918.8
2590,932,914.36
2591,932,915.7
2592,932,910.09
2593,932,912.57
2594,932,915.82
2595,932,909.9
2596,932,919.28
2597,932,908.77
2598,932,907.46
2599,932,913.67
2600,932,917.38
2601,932,921.11
2602,932,914.69
2603,932,914.11
2604,932,919.29
2605,932,913.19
2606,932,910.83
2607,932,914.85
2608,932,908.88
2609,932,903.21
2610,932,915.22
2611,932,909.68
2612,932,902.8
2613,932,916.6
2614,932,921.17
2615,932,919.29
2616,932,915.6
2617,932,914.55
2618,932,927.53
2619,932,921.3
2620,932,919.94
2621,932,907.81
2622,932,902.76
2623,932,923.96
2624,932,901.74
2625,932,919.9
2626,932,908.1
2627,932,901.68
2628,932,918.9
2629,932,904.78
2630,932,915.12
2631,932,908.65
2632,932,908.72
2633,932,911.99
2634,932,916.3
2635,932,918.91
2636,932,918.91
2637,932,913.77
2638,932,911.41
2639,932,917.78
2640,932,910.93
2641,932,908.93
2642,932,915.7
2643,932,924.4
2644,932,928.86
2645,932,920.5
2646,932,909.05
2647,932,897.33
2648,932,914.07
2649,932,907.61
2650,932,914.63
2651,932,913.05
2652,932,911.65
2653,932,912.72
2654,932,916.51
2655,932,910.75
2656,932,911.06
2657,932,914.53
2658,932,912.28
2659,932,889.32
2660,932,916.17
2661,932,905.12
2662,932,915.67
2663,932,908.75
2664,932,905.15
2665,932,918.96
2666,932,918.22
2667,932,917.57
2668,932,920.8
2669,932,920.18
2670,932,911.2
2671,932,915.61
2672,932,921.39
2673,932,909.97
2674,932,899.78
2675,932,902.86
2676,932,921.55
2677,932,897.52
2678,932,910.28
2679,932,904.44
2680,932,911.16
2681,932,900.71
2682,932,911.82
2683,932,899.3
2684,932,917.06
2685,932,910.2
2686,932,910.6
2687,932,920.59
2688,932,913.56
2689,932,917.22
2690,932,898.07
2691,932,907.75
2692,932,911.26
2693,932,907.39
2694,932,924.4
2695,932,923.97
2696,932,923.98
2697,932,910.42
2698,932,896.57
2699,932,908.84
2700,932,900.07
2701,932,912.91
2702,932,915.74
2703,932,926.08
2704,932,907.97
2705,932,920.39
2706,932,912.93
2707,932,919.29
2708,932,919.17
2709,932,915.03
2710,932,920.56
2711,932,913.21
2712,932,918.65
2713,932,905.93
2714,932,910.8
2715,932,903.0
2716,932,921.76
2717,932,911.35
2718,932,917.6
2719,932,919.65
2720,932,915.99
2721,932,920.81
2722,932,913.77
2723,932,916.85
2724,932,911.26
2725,932,914.08
2726,932,918.36
2727,932,911.07
2728,932,905.56
2729,932,918.14
2730,932,909.62
2731,932,911.69
2732,932,914.51
2733,932,924.03
2734,932,914.97
2735,932,920.51
2736,932,920.07
2737,932,915.79
2738,932,909.78
2739,932,919.36
2740,932,915.66
2741,932,919.85
2742,932,918.03
2743,932,919.62
2744,932,903.25
2745,932,914.32
2746,932,907.23
2747,932,910.6
2748,932,915.73
2749,932,905.05
2750,932,923.11
2751,932,901.07
2752,932,917.79
2753,932,914.77
2754,932,915.15
2755,932,910.98
2756,932,910.91
2757,932,902.69
2758,932,921.03
2759,932,916.4
2760,932,908.05
2761,932,893.43
2762,932,907.48
2763,932,917.86
2764,932,918.9
2765,932,911.61
2766,932,912.02
2767,932,923.68
2768,932,924.84
2769,932,919.07
2770,932,907.09
2771,932,925.45
2772,932,907.54
2773,932,919.68
2774,932,918.7
2775,932,920.87
2776,932,918.55
2777,932,908.86
2778,932,914.94
2779,932,916.57
2780,932,913.95
2781,932,915.73
2782,932,910.66
2783,932,910.92
2784,932,914.05
2785,932,901.31
2786,932,910.5
2787,932,918.56
2788,932,910.01
2789,932,910.34
2790,932,911.78
2791,932,922.31
2792,932,920.28
2793,932,916.08
2794,932,918.07
2795,932,914.38
2796,932,909.1
2797,932,922.5
2798,932,911.42
2799,932,918.66
2800,932,909.65
2801,932,918.34
2802,932,918.07
2803,932,918.25
2804,932,917.49
2805,932,913.51
2806,932,916.39
2807,932,919.96
2808,932,913.34
2809,932,908.72
2810,932,920.01
2811,932,891.77
2812,932,907.89
2813,932,914.38
2814,932,890.11
2815,932,908.98
2816,932,894.38
2817,932,923.5
2818,932,915.78
2819,932,910.16
2820,932,922.55
2821,932,917.59
2822,932,921.82
2823,932,913.37
2824,932,917.78
2825,932,909.6
2826,932,914.91
2827,932,918.98
2828,932,912.43
2829,932,918.13
2830,932,917.32
2831,932,917.11
2832,932,917.04
2833,932,906.99
2834,932,907.74
2835,932,914.22
2836,932,906.52
2837,932,922.25
2838,932,915.65
2839,932,919.52
2840,932,926.08
2841,932,924.89
2842,932,916.4
2843,932,919.23
2844,932,912.05
2845,932,918.94
2846,932,917.38
2847,932,900.9
2848,932,919.3
2849,932,906.99
2850,932,919.66
2851,932,914.44
2852,932,904.05
2853,932,919.51
2854,932,912.27
2855,932,920.63
2856,932,906.3
2857,932,905.57
2858,932,916.01
2859,932,918.93
2860,932,894.58
2861,932,915.4
2862,932,921.72
2863,932,918.5
2864,932,928.85
2865,932,917.28
2866,932,903.53
2867,932,904.6
2868,932,913.92
2869,932,907.37
2870,932,915.25
2871,932,898.73
2872,932,928.04
2873,932,910.67
2874,932,916.09
2875,932,911.28
2876,932,914.54
2877,932,923.35
2878,932,914.54
2879,932,917.86
2880,932,906.72
2881,932,917.94
2882,932,899.01
2883,932,917.84
2884,932,906.69
2885,932,906.85
2886,932,915.03
2887,932,923.87
2888,932,917.12
2889,932,916.02
2890,932,910.73
2891,932,912.69
2892,932,905.03
2893,932,898.44
2894,932,916.89
2895,932,918.06
2896,932,915.83
2897,932,918.36
2898,932,907.11
2899,932,921.41
2900,932,918.72
2901,932,908.05
2902,932,918.2
2903,932,900.51
2904,932,926.64
2905,932,916.77
2906,932,915.5
2907,932,894.34
2908,932,914.37
2909,932,913.64
2910,932,913.86
2911,932,923.24
2912,932,904.46
2913,932,918.72
2914,932,913.99
2915,932,916.22
2916,932,916.82
2917,932,912.36
2918,932,913.53
2919,932,913.87
2920,932,910.34
2921,932,910.43
2922,932,914.38
2923,932,912.85
2924,932,922.82
2925,932,917.71
2926,932,915.5
2927,932,920.15
2928,932,905.16
2929,932,914.54
2930,932,910.34
2931,932,911.72
2932,932,912.54
2933,932,913.93
2934,932,912.64
2935,932,918.41
2936,932,899.59
2937,932,903.81
2938,932,907.64
2939,932,911.81
2940,932,910.14
2941,932,920.02
2942,932,912.53
2943,932,912.56
2944,932,921.59
2945,932,916.87
2946,932,912.35
2947,932,907.49
2948,932,911.74
2949,932,924.27
2950,932,909.31
2951,932,910.27
2952,932,907.77
2953,932,907.46
2954,932,910.54
2955,932,907.9
2956,932,917.65
2957,932,913.99
2958,932,912.82
2959,932,919.06
2960,932,925.5
2961,932,914.38
2962,932,907.45
2963,932,910.63
2964,932,916.31
2965,932,896.81
2966,932,917.14
2967,932,916.33
2968,932,917.5
2969,932,919.42
2970,932,914.76
2971,932,916.9
2972,932,904.92
2973,932,913.75
2974,932,908.21
2975,932,922.68
2976,932,904.88
2977,932,916.89
2978,932,910.66
2979,932,905.36
2980,932,893.32
2981,932,910.37
2982,932,897.96
2983,932,914.63
2984,932,910.4
2985,932,907.93
2986,932,920.8
2987,932,921.23
2988,932,909.61
2989,932,911.67
2990,932,904.1
2991,932,889.32
2992,932,912.88
2993,932,907.57
2994,932,915.83
2995,932,915.11
2996,932,893.89
2997,932,907.29
2998,932,919.71
2999,932,914.36
3000,932,887.41
3001,932,913.85
3002,932,913.63
3003,932,911.33
3004,932,906.11
3005,932,913.54
3006,932,911.28
3007,932,914.18
3008,932,906.88
3009,932,913.12
3010,932,915.85
3011,932,912.88
3012,932,910.36
3013,932,910.73
3014,932,913.45
3015,932,910.5
3016,932,923.06
3017,932,913.65
3018,932,920.3
3019,932,914.07
3020,932,913.45
3021,932,919.04
3022,932,908.95
3023,932,914.23
3024,932,924.54
3025,932,902.6
3026,932,900.91
3027,932,917.88
3028,932,908.29
3029,932,914.31
3030,932,923.57
3031,932,925.57
3032,932,914.57
3033,932,917.52
3034,932,916.56
3035,932,924.97
3036,932,911.33
3037,932,905.32
3038,932,919.57
3039,932,910.01
3040,932,927.83
3041,932,913.89
3042,932,926.39
3043,932,916.58
3044,932,904.62
3045,932,910.12
3046,932,905.31
3047,932,903.77
3048,932,903.87
3049,932,903.38
3050,932,916.31
3051,932,923.65
3052,932,901.42
3053,932,916.21
3054,932,907.6
3055,932,919.77
3056,932,916.51
3057,932,900.4
3058,932,904.87
3059,932,912.54
3060,932,922.97
3061,932,907.78
3062,932,925.18
3063,932,917.54
3064,932,915.14
3065,932,918.37
3066,932,900.89
3067,932,917.53
3068,932,925.27
3069,932,925.16
3070,932,915.28
3071,932,914.58
3072,932,905.87
3073,932,912.66
3074,932,926.79
3075,932,911.82
3076,932,907.24
3077,932,915.73
3078,932,911.44
3079,932,922.06
3080,932,918.32
3081,932,912.2
3082,932,914.18
3083,932,924.99
3084,932,902.5
3085,932,916.64
3086,932,902.62
3087,932,913.53
3088,932,898.69
3089,932,909.0
3090,932,918.82
3091,932,906.14
3092,932,926.01
3093,932,908.06
3094,932,896.32
3095,932,910.88
3096,932,912.8
3097,932,912.66
3098,932,905.19
3099,932,923.12
3100,932,917.08
3101,932,920.2
3102,932,915.74
3103,932,918.75
3104,932,905.49
3105,932,916.14
3106,932,913.92
3107,932,917.0
3108,932,923.09
3109,932,908.8
3110,932,903.6
3111,932,902.37
3112,932,912.98
3113,932,918.37
3114,932,922.35
3115,932,916.41
3116,932,917.71
3117,932,913.82
3118,932,923.5
3119,932,911.58
3120,932,911.86
3121,932,916.43
3122,932,905.58
3123,932,920.38
3124,932,916.4
3125,932,912.42
3126,932,922.3
3127,932,917.12
3128,932,916.55
3129,932,901.98
3130,932,919.19
3131,932,898.33
3132,932,923.26
3133,932,892.75
3134,932,915.17
3135,932,900.69
3136,932,904.61
3137,932,912.81
3138,932,905.01
3139,932,912.52
3140,932,912.17
3141,932,906.13
3142,932,923.53
3143,932,910.17
3144,932,919.6
3145,932,921.2
3146,932,894.64
3147,932,918.28
3148,932,915.84
3149,932,918.79
3150,932,899.87
3151,932,916.23
3152,932,902.7
3153,932,909.38
3154,932,914.85
3155,932,906.07
3156,932,909.73
3157,932,909.3
3158,932,924.78
3159,932,914.25
3160,932,906.33
3161,932,913.85
3162,932,903.18
3163,932,914.29
3164,932,905.97
3165,932,917.07
3166,932,920.84
3167,932,915.32
3168,932,917.5
3169,932,909.86
3170,932,918.86
3171,932,924.17
3172,932,924.47
3173,932,912.38
3174,932,917.24
3175,932,901.67
3176,932,901.04
3177,932,912.51
3178,932,901.12
3179,932,925.48
3180,932,911.22
3181,932,916.61
3182,932,912.04
3183,932,912.79
3184,932,913.88
3185,932,908.88
3186,932,921.54
3187,932,908.55
3188,932,912.47
3189,932,908.11
3190,932,921.04
3191,932,910.25
3192,932,925.07
3193,932,903.47
3194,932,914.6
3195,932,903.98
3196,932,894.16
3197,932,911.37
3198,932,910.25
3199,932,920.09
3200,932,904.9
3201,932,919.86
3202,932,909.37
3203,932,923.38
3204,932,912.83
3205,932,905.28
3206,932,924.76
3207,932,922.15
3208,932,913.11
3209,932,919.51
3210,932,908.47
3211,932,910.98
3212,932,919.99
3213,932,912.38
3214,932,908.97
3215,932,905.2
3216,932,905.67
3217,932,915.72
3218,932,919.57
3219,932,911.39
3220,932,910.7
3221,932,920.41
3222,932,913.57
3223,932,919.13
3224,932,915.9
3225,932,914.64
3226,932,907.62
3227,932,905.91
3228,932,922.38
3229,932,890.16
3230,932,905.13
3231,932,911.27
3232,932,907.61
3233,932,925.84
3234,932,916.59
3235,932,915.27
3236,932,911.27
3237,932,917.72
3238,932,901.89
3239,932,916.0
3240,932,924.63
3241,932,916.48
3242,932,914.7
3243,932,906.74
3244,932,915.02
3245,932,912.57
3246,932,907.99
3247,932,918.3
3248,932,923.03
3249,932,922.49
3250,932,906.29
3251,932,919.19
3252,932,911.47
3253,932,914.93
3254,932,923.75
3255,932,927.27
3256,932,920.31
3257,932,919.77
3258,932,915.94
3259,932,913.35
3260,932,916.72
3261,932,912.77
3262,932,917.81
3263,932,899.52
3264,932,904.71
3265,932,913.28
3266,932,919.86
3267,932,919.97
3268,932,912.32
3269,932,915.49
3270,932,914.86
3271,932,910.02
3272,932,897.97
3273,932,914.72
3274,932,912.48
3275,932,910.93
3276,932,908.23
3277,932,914.58
3278,932,906.24
3279,932,924.87
3280,932,910.52
3281,932,897.61
3282,932,908.83
3283,932,921.67
3284,932,923.3
3285,932,914.83
3286,932,915.64
3287,932,909.74
3288,932,912.03
3289,932,913.74
3290,932,914.37
3291,932,919.48
3292,932,913.9
3293,932,916.25
3294,932,898.52
3295,932,904.21
3296,932,915.38
3297,932,915.92
3298,932,903.18
3299,932,903.59
3300,932,909.87
3301,932,915.28
3302,932,898.82
3303,932,912.83
3304,932,916.32
3305,932,920.22
3306,932,912.62
3307,932,911.61
3308,932,914.23
3309,932,918.08
3310,932,911.97
3311,932,906.86
3312,932,906.77
3313,932,902.99
3314,932,910.25
3315,932,915.63
3316,932,902.85
3317,932,902.41
3318,932,914.08
3319,932,904.71
3320,932,912.89
3321,932,917.1
3322,932,899.25
3323,932,927.04
3324,932,895.91
3325,932,924.09
3326,932,916.55
3327,932,928.01
3328,932,920.02
3329,932,910.72
3330,932,909.56
3331,932,904.18
3332,932,902.55
3333,932,916.25
3334,932,907.91
3335,932,905.2
3336,932,917.48
3337,932,910.55
3338,932,902.28
3339,932,905.6
3340,932,907.91
3341,932,907.56
3342,932,903.25
3343,932,913.75
3344,932,905.02
3345,932,915.54
3346,932,907.41
3347,932,908.37
3348,932,905.14
3349,932,907.72
3350,932,906.26
3351,932,923.01
3352,932,907.37
3353,932,904.66
3354,932,919.62
3355,932,926.22
3356,932,901.31
3357,932,925.38
3358,932,911.56
3359,932,898.24
3360,932,905.42
3361,932,886.42
3362,932,914.91
3363,932,912.75
3364,932,910.98
3365,932,907.23
3366,932,922.63
3367,932,914.58
3368,932,906.95
3369,932,908.47
3370,932,906.23
3371,932,914.63
3372,932,914.91
3373,932,907.84
3374,932,921.2
3375,932,900.12
3376,932,922.37
3377,932,904.09
3378,932,917.18
3379,932,916.63
3380,932,916.25
3381,932,914.25
3382,932,923.02
3383,932,906.01
3384,932,910.63
3385,932,917.2
3386,932,921.28
3387,932,908.34
3388,932,912.71
3389,932,907.89
3390,932,906.11
3391,932,901.8
3392,932,903.71
3393,932,909.64
3394,932,925.64
3395,932,918.0
3396,932,912.88
3397,932,916.85
3398,932,900.07
3399,932,918.39
3400,932,904.64
3401,932,907.41
3402,932,908.6
3403,932,910.89
3404,932,910.32
3405,932,915.15
3406,932,925.53
3407,932,909.42
3408,932,894.04
3409,932,917.85
3410,932,918.07
3411,932,909.82
3412,932,908.61
3413,932,907.11
3414,932,920.7
3415,932,919.7
3416,932,924.24
3417,932,911.99
3418,932,911.09
3419,932,920.17
3420,932,909.45
3421,932,912.85
3422,932,926.43
3423,932,914.7
3424,932,907.23
3425,932,919.28
3426,932,919.07
3427,932,917.07
3428,932,907.28
3429,932,916.1
3430,932,914.61
3431,932,907.4
3432,932,919.04
3433,932,912.91
3434,932,928.43
3435,932,916.56
3436,932,907.89
3437,932,919.88
3438,932,914.68
3439,932,913.69
3440,932,905.7
3441,932,907.35
3442,932,918.45
3443,932,921.38
3444,932,914.3
3445,932,914.94
3446,932,917.14
3447,932,905.15
3448,932,916.36
3449,932,906.31
3450,932,910.92
3451,932,912.93
3452,932,914.43
3453,932,902.44
3454,932,917.94
3455,932,912.05
3456,932,913.32
3457,932,904.14
3458,932,918.04
3459,932,910.04
3460,932,902.42
3461,932,909.6
3462,932,909.24
3463,932,906.6
3464,932,908.41
3465,932,911.61
3466,932,913.89
3467,932,909.12
3468,932,914.07
3469,932,906.75
3470,932,921.24
3471,932,911.59
3472,932,918.63
3473,932,922.66
3474,932,897.48
3475,932,903.18
3476,932,919.47
3477,932,911.28
3478,932,905.73
3479,932,923.94
3480,932,904.99
3481,932,911.35
3482,932,910.09
3483,932,903.16
3484,932,908.15
3485,932,908.33
3486,932,913.12
3487,932,921.93
3488,932,918.48
3489,932,917.97
3490,932,905.66
3491,932,914.78
3492,932,926.7
3493,932,918.88
3494,932,920.96
3495,932,924.73
3496,932,913.04
3497,932,907.4
3498,932,906.44
3499,932,913.33
3500,932,916.37
3501,932,926.72
3502,932,907.41
3503,932,922.91
3504,932,902.19
3505,932,903.21
3506,932,917.76
3507,932,908.88
3508,932,923.49
3509,932,916.96
3510,932,908.23
3511,932,915.14
3512,932,922.54
3513,932,917.36
3514,932,916.35
3515,932,907.89
3516,932,907.62
3517,932,912.59
3518,932,910.12
3519,932,896.06
3520,932,920.93
3521,932,914.51
3522,932,899.34
3523,932,908.05
3524,932,925.98
3525,932,927.82
3526,932,892.83
3527,932,914.7
3528,932,919.94
3529,932,902.4
3530,932,911.25
3531,932,903.65
3532,932,911.84
3533,932,907.25
3534,932,918.58
3535,932,924.92
3536,932,913.83
3537,932,914.94
3538,932,910.61
3539,932,902.19
3540,932,912.48
3541,932,921.28
3542,932,919.59
3543,932,916.48
3544,932,920.51
3545,932,902.15
3546,932,914.35
3547,932,913.5
3548,932,916.2
3549,932,911.17
3550,932,916.56
3551,932,915.16
3552,932,906.86
3553,932,907.27
3554,932,905.43
3555,932,922.86
3556,932,913.24
3557,932,911.06
3558,932,920.61
3559,932,925.15
3560,932,911.64
3561,932,914.7
3562,932,916.87
3563,932,925.61
3564,932,918.48
3565,932,896.36
3566,932,914.56
3567,932,918.43
3568,932,914.51
3569,932,922.21
3570,932,915.94
3571,932,908.88
3572,932,916.32
3573,932,923.41
3574,932,912.63
3575,932,908.32
3576,932,895.95
3577,932,913.22
3578,932,901.25
3579,932,918.58
3580,932,920.98
3581,932,914.57
3582,932,917.03
3583,932,908.36
3584,932,907.96
3585,932,918.96
3586,932,911.71
3587,932,904.37
3588,932,925.43
3589,932,919.64
3590,932,915.03
3591,932,902.02
3592,932,915.36
3593,932,918.88
3594,932,904.03
3595,932,912.78
3596,932,923.39
3597,932,914.37
3598,932,915.91
3599,932,926.85
3600,932,909.18
3601,932,909.91
3602,932,912.61
3603,932,915.37
3604,932,906.0
3605,932,920.18
3606,932,911.2
3607,932,917.94
3608,932,911.18
3609,932,914.61
3610,932,918.48
3611,932,909.91
3612,932,890.31
3613,932,918.62
3614,932,908.96
3615,932,910.38
3616,932,924.81
3617,932,925.43
3618,932,903.62
3619,932,910.19
3620,932,916.44
3621,932,923.84
3622,932,913.17
3623,932,912.79
3624,932,907.99
3625,932,917.87
3626,932,911.18
3627,932,913.05
3628,932,912.99
3629,932,911.68
3630,932,906.62
3631,932,912.32
3632,932,913.68
3633,932,899.73
3634,932,921.94
3635,932,903.39
3636,932,892.44
3637,932,911.23
3638,932,913.16
3639,932,916.17
3640,932,909.87
3641,932,902.19
3642,932,905.33
3643,932,916.11
3644,932,909.01
3645,932,910.82
3646,932,901.86
3647,932,899.93
3648,932,903.76
3649,932,904.42
3650,932,911.86
3651,932,913.15
3652,932,900.5
3653,932,900.65
3654,932,900.96
3655,932,921.11
3656,932,914.99
3657,932,919.75
3658,932,907.13
3659,932,906.21
3660,932,903.82
3661,932,915.54
3662,932,920.35
3663,932,889.09
3664,932,915.53
3665,932,911.48
3666,932,914.94
3667,932,907.81
3668,932,926.81
3669,932,924.3
3670,932,918.68
3671,932,914.26
3672,932,906.59
3673,932,920.25
3674,932,918.7
3675,932,922.44
3676,932,927.16
3677,932,911.1
3678,932,913.37
3679,932,920.9
3680,932,914.19
3681,932,911.8
3682,932,910.71
3683,932,921.96
3684,932,915.99
3685,932,919.96
3686,932,914.39
3687,932,901.17
3688,932,925.1
3689,932,915.89
3690,932,910.47
3691,932,918.72
3692,932,923.92
3693,932,919.3
3694,932,910.44
3695,932,911.75
3696,932,915.59
3697,932,906.92
3698,932,920.86
3699,932,918.73
3700,932,918.74
3701,932,898.02
3702,932,912.4
3703,932,911.13
3704,932,921.8
3705,932,911.14
3706,932,923.28
3707,932,922.64
3708,932,912.04
3709,932,919.18
3710,932,910.98
3711,932,907.01
3712,932,912.6
3713,932,909.06
3714,932,909.89
3715,932,917.82
3716,932,914.21
3717,932,908.94
3718,932,918.12
3719,932,910.95
3720,932,908.25
3721,932,911.37
3722,932,920.98
3723,932,919.27
3724,932,912.94
3725,932,914.03
3726,932,915.93
3727,932,922.94
3728,932,911.51
3729,932,910.97
3730,932,909.97
3731,932,903.94
3732,932,913.89
3733,932,927.29
3734,932,914.86
3735,932,911.44
3736,932,914.78
3737,932,916.49
3738,932,913.22
3739,932,918.62
3740,932,917.22
3741,932,923.14
3742,932,902.08
3743,932,921.74
3744,932,900.75
3745,932,899.22
3746,932,920.53
3747,932,914.52
3748,932,908.6
3749,932,915.6
3750,932,918.86
3751,932,919.7
3752,932,901.73
3753,932,916.55
3754,932,907.72
3755,932,905.25
3756,932,911.1
3757,932,916.72
3758,932,914.59
3759,932,914.3
3760,932,914.18
3761,932,903.53
3762,932,908.58
3763,932,914.24
3764,932,915.07
3765,932,915.98
3766,932,919.07
3767,932,906.38
3768,932,920.68
3769,932,912.33
3770,932,897.62
3771,932,915.51
3772,932,902.36
3773,932,919.57
3774,932,910.64
3775,932,914.87
3776,932,886.92
3777,932,913.59
3778,932,904.71
3779,932,916.12
3780,932,915.43
3781,932,913.76
3782,932,915.01
3783,932,923.38
3784,932,914.67
3785,932,906.23
3786,932,908.03
3787,932,920.52
3788,932,921.4
3789,932,902.2
3790,932,924.59
3791,932,904.7
3792,932,918.67
3793,932,911.95
3794,932,914.54
3795,932,912.07
3796,932,910.55
3797,932,912.52
3798,932,909.57
3799,932,920.8
3800,932,920.99
3801,932,915.03
3802,932,905.1
3803,932,922.43
3804,932,915.72
3805,932,915.88
3806,932,920.19
3807,932,912.51
3808,932,913.14
3809,932,911.45
3810,932,914.2
3811,932,904.35
3812,932,907.77
3813,932,910.91
3814,932,906.81
3815,932,919.96
3816,932,910.16
3817,932,918.53
3818,932,908.78
3819,932,923.49
3820,932,901.02
3821,932,919.11
3822,932,909.91
3823,932,915.41
3824,932,914.55
3825,932,908.52
3826,932,908.01
3827,932,914.6
3828,932,916.94
3829,932,915.51
3830,932,914.25
3831,932,918.53
3832,932,921.87
3833,932,910.73
3834,932,915.05
3835,932,921.69
3836,932,916.32
3837,932,908.59
3838,932,916.77
3839,932,912.0
3840,932,914.01
3841,932,908.29
3842,932,921.67
3843,932,915.73
3844,932,905.04
3845,932,911.04
3846,932,922.19
3847,932,906.77
3848,932,923.35
3849,932,912.32
3850,932,915.25
3851,932,912.31
3852,932,921.83
3853,932,901.05
3854,932,910.93
3855,932,921.73
3856,932,921.5
3857,932,919.94
3858,932,901.27
3859,932,911.66
3860,932,912.38
3861,932,899.21
3862,932,918.76
3863,932,918.82
3864,932,900.91
3865,932,901.69
3866,932,915.87
3867,932,912.96
3868,932,908.41
3869,932,899.31
3870,932,920.54
3871,932,916.88
3872,932,920.65
3873,932,922.76
3874,932,912.03
3875,932,916.24
3876,932,912.03
3877,932,925.09
3878,932,894.53
3879,932,912.98
3880,932,909.26
3881,932,902.7
3882,932,905.08
3883,932,915.79
3884,932,913.3
3885,932,898.12
3886,932,904.43
3887,932,905.87
3888,932,906.8
3889,932,913.9
3890,932,919.38
3891,932,914.18
3892,932,903.72
3893,932,902.03
3894,932,913.03
3895,932,916.53
3896,932,919.41
3897,932,912.48
3898,932,917.33
3899,932,908.14
3900,932,909.88
3901,932,915.94
3902,932,909.38
3903,932,906.47
3904,932,910.8
3905,932,919.41
3906,932,896.95
3907,932,913.47
3908,932,927.22
3909,932,886.81
3910,932,913.47
3911,932,908.67
3912,932,921.05
3913,932,909.49
3914,932,902.79
3915,932,912.8
3916,932,909.12
3917,932,910.23
3918,932,907.2
3919,932,897.67
3920,932,909.78
3921,932,908.34
3922,932,885.2
3923,932,920.12
3924,932,895.19
3925,932,913.35
3926,932,910.87
3927,932,895.86
3928,932,909.33
3929,932,917.59
3930,932,924.56
3931,932,912.38
3932,932,911.68
3933,932,907.05
3934,932,917.21
3935,932,918.29
3936,932,921.89
3937,932,895.38
3938,932,919.23
3939,932,913.52
3940,932,907.53
3941,932,919.68
3942,932,908.21
3943,932,921.65
3944,932,915.65
3945,932,913.92
3946,932,896.38
3947,932,904.02
3948,932,906.45
3949,932,912.12
3950,932,919.33
3951,932,917.05
3952,932,918.41
3953,932,905.33
3954,932,915.44
3955,932,893.92
3956,932,911.92
3957,932,920.85
3958,932,912.65
3959,932,928.16
3960,932,908.8
3961,932,916.66
3962,932,919.23
3963,932,909.15
3964,932,916.18
3965,932,918.81
3966,932,910.39
3967,932,904.47
3968,932,890.99
3969,932,907.59
3970,932,919.41
3971,932,915.9
3972,932,906.34
3973,932,898.04
3974,932,904.75
3975,932,910.45
3976,932,906.26
3977,932,916.11
3978,932,911.58
3979,932,916.13
3980,932,908.8
3981,932,911.23
3982,932,915.62
3983,932,911.3
3984,932,919.12
3985,932,911.95
3986,932,917.55
3987,932,916.2
3988,932,901.61
3989,932,910.34
3990,932,908.47
3991,932,909.02
3992,932,906.16
3993,932,912.92
3994,932,905.56
3995,932,907.42
3996,932,915.37
3997,932,914.87
3998,932,923.74
3999,932,917.87
4000,932,909.37
4001,932,915.08
4002,932,913.05
4003,932,912.2
4004,932,917.76
4005,932,909.99
4006,932,909.02
4007,932,913.86
4008,932,902.33
4009,932,923.22
4010,932,908.48
4011,932,916.01
4012,932,912.81
4013,932,922.91
4014,932,904.64
4015,932,912.92
4016,932,918.98
4017,932,896.0
4018,932,921.94
4019,932,906.16
4020,932,901.91
4021,932,915.9
4022,932,921.78
4023,932,907.92
4024,932,927.37
4025,932,902.43
4026,932,915.94
4027,932,923.56
4028,932,910.08
4029,932,910.15
4030,932,919.26
4031,932,923.99
4032,932,905.87
4033,932,920.56
4034,932,912.6
4035,932,894.59
4036,932,911.22
4037,932,907.45
4038,932,905.8
4039,932,915.75
4040,932,920.76
4041,932,910.88
4042,932,914.82
4043,932,917.94
4044,932,919.53
4045,932,923.51
4046,932,919.84
4047,932,914.02
4048,932,896.12
4049,932,923.96
4050,932,911.04
4051,932,917.96
4052,932,926.75
4053,932,906.56
4054,932,918.95
4055,932,927.49
4056,932,917.22
4057,932,915.64
4058,932,926.2
4059,932,911.88
4060,932,899.62
4061,932,908.11
4062,932,919.91
4063,932,918.08
4064,932,925.17
4065,932,903.68
4066,932,914.33
4067,932,909.99
4068,932,922.12
4069,932,907.24
4070,932,901.29
4071,932,915.48
4072,932,912.3
4073,932,910.82
4074,932,913.22
4075,932,914.25
4076,932,916.12
4077,932,921.04
4078,932,919.35
4079,932,912.48
4080,932,917.36
4081,932,917.67
4082,932,926.48
4083,932,910.39
4084,932,911.91
4085,932,907.82
4086,932,912.99
4087,932,911.74
4088,932,921.4
4089,932,910.81
4090,932,903.02
4091,932,907.85
4092,932,917.17
4093,932,915.19
4094,932,908.68
4095,932,907.48
4096,932,920.33
4097,932,907.61
4098,932,914.33
4099,932,910.71
4100,932,915.97
4101,932,915.37
4102,932,919.88
4103,932,912.57
4104,932,914.67
4105,932,920.89
4106,932,905.33
4107,932,907.14
4108,932,905.15
4109,932,917.8
4110,932,906.89
4111,932,917.14
4112,932,918.23
4113,932,921.47
4114,932,906.73
4115,932,898.65
4116,932,916.22
4117,932,912.09
4118,932,915.97
4119,932,908.4
4120,932,916.81
4121,932,909.46
4122,932,915.83
4123,932,919.07
4124,932,918.0
4125,932,927.11
4126,932,902.9
4127,932,915.9
4128,932,920.1
4129,932,919.35
4130,932,907.86
4131,932,923.09
4132,932,912.22
4133,932,909.58
4134,932,912.3
4135,932,915.59
4136,932,916.07
4137,932,913.83
4138,932,901.3
4139,932,922.18
4140,932,906.48
4141,932,904.4
4142,932,896.55
4143,932,903.89
4144,932,912.38
4145,932,927.39
4146,932,901.59
4147,932,912.4
4148,932,920.46
4149,932,908.26
4150,932,928.04
4151,932,917.09
4152,932,920.84
4153,932,908.33
4154,932,908.1
4155,932,902.16
4156,932,911.6
4157,932,920.12
4158,932,919.37
4159,932,902.56
4160,932,912.84
4161,932,906.02
4162,932,913.52
4163,932,907.77
4164,932,900.0
4165,932,908.97
4166,932,909.91
4167,932,911.02
4168,932,921.0
4169,932,919.8
4170,932,921.34
4171,932,912.11
4172,932,915.85
4173,932,908.61
4174,932,920.44
4175,932,916.77
4176,932,908.49
4177,932,915.34
4178,932,919.32
4179,932,911.12
4180,932,913.31
4181,932,901.64
4182,932,921.81
4183,932,905.27
4184,932,910.14
4185,932,914.52
4186,932,908.92
4187,932,915.29
4188,932,917.22
4189,932,903.73
4190,932,921.4
4191,932,915.13
4192,932,908.87
4193,932,913.87
4194,932,911.55
4195,932,905.88
4196,932,919.78
4197,932,913.99
4198,932,920.56
4199,932,906.52
4200,932,921.89
4201,932,926.69
4202,932,917.31
4203,932,909.81
4204,932,917.96
4205,932,911.94
4206,932,918.06
4207,932,921.6
4208,932,924.54
4209,932,920.89
4210,932,904.24
4211,932,904.78
4212,932,915.13
4213,932,917.4
4214,932,917.22
4215,932,913.43
4216,932,915.22
4217,932,911.59
4218,932,923.54
4219,932,914.71
4220,932,915.83
4221,932,912.06
4222,932,918.09
4223,932,923.1
4224,932,906.66
4225,932,922.8
4226,932,920.81
4227,932,917.7
4228,932,905.77
4229,932,921.73
4230,932,909.59
4231,932,916.92
4232,932,924.45
4233,932,917.77
4234,932,913.58
4235,932,903.09
4236,932,920.89
4237,932,918.14
4238,932,900.41
4239,932,899.96
4240,932,917.41
4241,932,909.84
4242,932,903.62
4243,932,915.88
4244,932,919.59
4245,932,904.99
4246,932,921.27
4247,932,921.06
4248,932,911.91
4249,932,915.72
4250,932,916.75
4251,932,909.84
4252,932,917.57
4253,932,921.39
4254,932,923.16
4255,932,911.68
4256,932,910.29
4257,932,913.2
4258,932,894.7
4259,932,907.7
4260,932,910.49
4261,932,912.6
4262,932,914.92
4263,932,912.33
4264,932,916.13
4265,932,916.09
4266,932,896.19
4267,932,914.91
4268,932,913.92
4269,932,915.71
4270,932,914.92
4271,932,920.22
4272,932,922.08
4273,932,918.27
4274,932,910.28
4275,932,907.59
4276,932,915.95
4277,932,892.93
4278,932,911.89
4279,932,904.55
4280,932,921.19
4281,932,903.66
4282,932,906.78
4283,932,907.65
4284,932,913.77
4285,932,918.35
4286,932,900.83
4287,932,920.62
4288,932,891.5
4289,932,899.1
4290,932,914.63
4291,932,914.08
4292,932,927.33
4293,932,919.91
4294,932,910.43
4295,932,909.48
4296,932,919.79
4297,932,887.12
4298,932,910.44
4299,932,898.46
4300,932,914.47
4301,932,897.2
4302,932,915.67
4303,932,909.27
4304,932,917.61
4305,932,910.18
4306,932,919.84
4307,932,922.46
4308,932,914.53
4309,932,925.68
4310,932,909.62
4311,932,910.75
4312,932,903.27
4313,932,907.54
4314,932,911.72
4315,932,920.6
4316,932,902.39
4317,932,909.05
4318,932,918.09
4319,932,901.7
4320,932,913.25
4321,932,911.57
4322,932,920.68
4323,932,913.18
4324,932,900.35
4325,932,915.27
4326,932,913.6
4327,932,907.67
4328,932,904.46
4329,932,895.38
4330,932,915.22
4331,932,915.12
4332,932,912.69
4333,932,910.37
4334,932,914.86
4335,932,914.39
4336,932,914.99
4337,932,912.25
4338,932,909.82
4339,932,907.66
4340,932,918.16
4341,932,905.5
4342,932,917.03
4343,932,921.71
4344,932,908.41
4345,932,914.91
4346,932,895.87
4347,932,909.82
4348,932,897.95
4349,932,907.68
4350,932,904.58
4351,932,922.35
4352,932,910.41
4353,932,916.56
4354,932,918.67
4355,932,910.5
4356,932,910.4
4357,932,903.87
4358,932,906.47
4359,932,917.97
4360,932,914.76
4361,932,914.91
4362,932,897.8
4363,932,920.5
4364,932,924.2
4365,932,913.98
4366,932,922.71
4367,932,909.89
4368,932,913.0
4369,932,923.11
4370,932,923.13
4371,932,906.21
4372,932,911.43
4373,932,912.24
4374,932,920.61
4375,932,916.14
4376,932,916.83
4377,932,906.66
4378,932,918.44
4379,932,917.84
4380,932,917.56
4381,932,914.1
4382,932,908.81
4383,932,906.88
4384,932,905.42
4385,932,911.42
4386,932,912.15
4387,932,916.2
4388,932,912.41
4389,932,909.01
4390,932,919.56
4391,932,920.59
4392,932,901.91
4393,932,915.48
4394,932,913.99
4395,932,911.28
4396,932,918.0
4397,932,923.73
4398,932,919.56
4399,932,907.79
4400,932,910.13
4401,932,915.43
4402,932,903.88
4403,932,910.19
4404,932,913.67
4405,932,910.92
4406,932,916.98
4407,932,897.7
4408,932,911.86
4409,932,916.72
4410,932,918.56
4411,932,911.92
4412,932,916.98
4413,932,914.95
4414,932,912.42
4415,932,913.8
4416,932,898.52
4417,932,916.85
4418,932,908.65
4419,932,918.31
4420,932,922.19
4421,932,906.43
4422,932,917.18
4423,932,921.19
4424,932,914.14
4425,932,920.02
4426,932,910.94
4427,932,905.68
4428,932,912.85
4429,932,912.0
4430,932,915.54
4431,932,920.55
4432,932,915.58
4433,932,910.71
4434,932,923.04
4435,932,911.47
4436,932,923.02
4437,932,905.78
4438,932,925.55
4439,932,918.17
4440,932,924.08
4441,932,920.59
4442,932,887.1
4443,932,914.67
4444,932,907.0
4445,932,909.07
4446,932,910.72
4447,932,914.75
4448,932,911.6
4449,932,919.82
4450,932,902.95
4451,932,910.41
4452,932,911.68
4453,932,914.66
4454,932,921.15
4455,932,904.5
4456,932,907.39
4457,932,914.55
4458,932,916.99
4459,932,919.09
4460,932,913.63
4461,932,914.18
4462,932,920.74
4463,932,918.64
4464,932,918.63
4465,932,910.85
4466,932,909.42
4467,932,914.48
4468,932,919.33
4469,932,906.44
4470,932,922.99
4471,932,905.23
4472,932,916.2
4473,932,906.69
4474,932,915.85
4475,932,917.56
4476,932,904.95
4477,932,919.09
4478,932,912.34
4479,932,912.18
4480,932,908.59
4481,932,913.15
4482,932,920.15
4483,932,907.64
4484,932,906.5
4485,932,923.3
4486,932,914.1
4487,932,908.05
4488,932,919.6
4489,932,918.86
4490,932,905.55
4491,932,906.19
4492,932,917.53
4493,932,919.75
4494,932,911.12
4495,932,910.53
4496,932,900.89
4497,932,902.67
4498,932,902.37
4499,932,912.36
4500,932,909.92
4501,932,909.82
4502,932,914.78
4503,932,904.75
4504,932,910.07
4505,932,910.89
4506,932,923.95
4507,932,923.24
4508,932,907.11
4509,932,907.69
4510,932,918.72
4511,932,915.91
4512,932,922.3
4513,932,916.89
4514,932,910.52
4515,932,916.32
4516,932,914.79
4517,932,908.04
4518,932,908.21
4519,932,923.15
4520,932,901.72
4521,932,916.35
4522,932,911.88
4523,932,926.96
4524,932,919.56
4525,932,918.95
4526,932,897.02
4527,932,914.78
4528,932,905.19
4529,932,894.62
4530,932,925.23
4531,932,918.53
4532,932,924.45
4533,932,925.5
4534,932,911.63
4535,932,914.52
4536,932,906.8
4537,932,912.59
4538,932,911.08
4539,932,923.65
4540,932,911.81
4541,932,915.21
4542,932,904.22
4543,932,910.97
4544,932,917.84
4545,932,913.82
4546,932,908.81
4547,932,907.4
4548,932,907.18
4549,932,920.64
4550,932,920.41
4551,932,906.59
4552,932,909.97
4553,932,914.44
4554,932,916.46
4555,932,912.44
4556,932,921.19
4557,932,915.91
4558,932,911.88
4559,932,912.83
4560,932,909.82
4561,932,922.65
4562,932,909.85
4563,932,916.02
4564,932,921.29
4565,932,913.78
4566,932,911.94
4567,932,909.65
4568,932,911.81
4569,932,911.96
4570,932,910.24
4571,932,910.77
4572,932,919.39
4573,932,904.68
4574,932,923.35
4575,932,912.08
4576,932,923.55
4577,932,903.69
4578,932,904.2
4579,932,919.3
4580,932,896.3
4581,932,922.66
4582,932,904.16
4583,932,916.33
4584,932,904.59
4585,932,926.79
4586,932,919.85
4587,932,919.31
4588,932,920.12
4589,932,906.3
4590,932,904.27
4591,932,901.57
4592,932,914.93
4593,932,917.64
4594,932,917.08
4595,932,909.96
4596,932,912.05
4597,932,918.15
4598,932,910.75
4599,932,918.07
4600,932,924.65
4601,932,908.75
4602,932,913.37
4603,932,906.85
4604,932,906.2
4605,932,908.21
4606,932,912.96
4607,932,920.19
4608,932,922.15
4609,932,916.87
4610,932,908.15
4611,932,906.92
4612,932,917.46
4613,932,918.03
4614,932,919.78
4615,932,913.88
4616,932,903.85
4617,932,918.58
4618,932,912.1
4619,932,916.54
4620,932,919.06
4621,932,918.23
4622,932,907.81
4623,932,917.74
4624,932,914.54
4625,932,914.15
4626,932,912.67
4627,932,916.68
4628,932,916.82
4629,932,917.91
4630,932,918.18
4631,932,920.06
4632,932,917.51
4633,932,919.81
4634,932,908.31
4635,932,898.32
4636,932,909.9
4637,932,912.93
4638,932,908.69
4639,932,907.9
4640,932,923.14
4641,932,916.76
4642,932,903.49
4643,932,911.82
4644,932,907.7
4645,932,919.97
4646,932,903.95
4647,932,914.59
4648,932,916.52
4649,932,916.82
4650,932,906.46
4651,932,913.64
4652,932,890.37
4653,932,893.76
4654,932,912.55
4655,932,910.24
4656,932,907.44
4657,932,908.13
4658,932,915.92
4659,932,908.37
4660,932,910.3
4661,932,905.06
4662,932,912.1
4663,932,911.23
4664,932,913.31
4665,932,908.29
4666,932,914.83
4667,932,907.13
4668,932,912.31
4669,932,902.0
4670,932,898.26
4671,932,915.74
4672,932,899.39
4673,932,918.84
4674,932,911.21
4675,932,905.21
4676,932,908.85
4677,932,919.1
4678,932,907.75
4679,932,913.07
4680,932,911.69
4681,932,916.71
4682,932,902.69
4683,932,920.21
4684,932,892.72
4685,932,917.51
4686,932,888.14
4687,932,909.14
4688,932,915.7
4689,932,908.29
4690,932,921.14
4691,932,902.66
4692,932,911.82
4693,932,914.07
4694,932,909.4
4695,932,912.09
4696,932,916.98
4697,932,915.96
4698,932,921.35
4699,932,914.66
4700,932,912.28
4701,932,908.55
4702,932,902.26
4703,932,903.27
4704,932,912.46
4705,932,923.08
4706,932,919.76
4707,932,917.36
4708,932,918.12
4709,932,915.39
4710,932,908.61
4711,932,910.94
4712,932,904.89
4713,932,915.24
4714,932,919.0
4715,932,913.61
4716,932,906.98
4717,932,907.77
4718,932,912.03
4719,932,903.38
4720,932,912.68
4721,932,911.07
4722,932,911.07
4723,932,910.91
4724,932,908.79
4725,932,907.12
4726,932,912.42
4727,932,899.87
4728,932,928.34
4729,932,913.76
4730,932,908.07
4731,932,913.27
4732,932,915.05
4733,932,918.87
4734,932,911.26
4735,932,903.83
4736,932,919.39
4737,932,903.19
4738,932,897.67
4739,932,917.62
4740,932,926.86
4741,932,923.57
4742,932,911.6
4743,932,908.27
4744,932,889.22
4745,932,910.37
4746,932,913.24
4747,932,898.84
4748,932,908.73
4749,932,911.27
4750,932,913.96
4751,932,913.89
4752,932,917.84
4753,932,910.35
4754,932,918.04
4755,932,923.63
4756,932,911.16
4757,932,909.07
4758,932,913.32
4759,932,910.38
4760,932,918.83
4761,932,913.03
4762,932,914.61
4763,932,920.74
4764,932,911.46
4765,932,914.01
4766,932,915.62
4767,932,923.0
4768,932,924.82
4769,932,904.04
4770,932,920.37
4771,932,918.87
4772,932,907.73
4773,932,909.63
4774,932,924.52
4775,932,916.82
4776,932,902.83
4777,932,906.09
4778,932,915.13
4779,932,906.37
4780,932,916.86
4781,932,915.1
4782,932,898.13
4783,932,910.57
4784,932,918.09
4785,932,927.62
4786,932,922.61
4787,932,904.55
4788,932,901.16
4789,932,904.76
4790,932,902.74
4791,932,914.26
4792,932,914.13
4793,932,921.25
4794,932,904.75
4795,932,915.5
4796,932,916.58
4797,932,911.5
4798,932,913.66
4799,932,913.95
4800,932,914.67
4801,932,897.29
4802,932,915.1
4803,932,913.35
4804,932,894.46
4805,932,898.2
4806,932,910.26
4807,932,910.72
4808,932,909.01
4809,932,908.84
4810,932,906.1
4811,932,916.73
4812,932,918.51
4813,932,911.0
4814,932,915.34
4815,932,918.13
4816,932,903.32
4817,932,917.12
4818,932,903.98
4819,932,916.58
4820,932,919.38
4821,932,920.91
4822,932,916.87
4823,932,908.59
4824,932,922.76
4825,932,913.49
4826,932,910.46
4827,932,901.66
4828,932,904.81
4829,932,903.61
4830,932,912.47
4831,932,902.61
4832,932,909.36
4833,932,914.58
4834,932,910.23
4835,932,919.26
4836,932,923.57
4837,932,906.11
4838,932,925.4
4839,932,924.46
4840,932,921.41
4841,932,899.25
4842,932,904.15
4843,932,900.62
4844,932,918.38
4845,932,924.35
4846,932,927.2
4847,932,918.97
4848,932,902.58
4849,932,895.21
4850,932,909.88
4851,932,914.73
4852,932,904.29
4853,932,905.47
4854,932,909.86
4855,932,917.13
4856,932,916.24
4857,932,921.69
4858,932,916.64
4859,932,922.1
4860,932,925.3
4861,932,890.58
4862,932,915.61
4863,932,917.37
4864,932,921.77
4865,932,907.71
4866,932,915.84
4867,932,921.9
4868,932,908.61
4869,932,909.81
4870,932,911.23
4871,932,908.77
4872,932,913.27
4873,932,913.17
4874,932,906.32
4875,932,908.56
4876,932,904.39
4877,932,926.73
4878,932,914.65
4879,932,913.05
4880,932,905.06
4881,932,912.02
4882,932,912.77
4883,932,914.44
4884,932,905.25
4885,932,916.56
4886,932,918.41
4887,932,924.16
4888,932,912.97
4889,932,911.99
4890,932,916.94
4891,932,904.33
4892,932,912.87
4893,932,899.4
4894,932,913.19
4895,932,908.81
4896,932,908.69
4897,932,921.25
4898,932,917.56
4899,932,915.31
4900,932,902.63
4901,932,913.7
4902,932,907.72
4903,932,922.52
4904,932,917.36
4905,932,915.24
4906,932,919.13
4907,932,916.31
4908,932,915.39
4909,932,906.18
4910,932,915.83
4911,932,916.37
4912,932,922.07
4913,932,917.32
4914,932,904.21
4915,932,923.36
4916,932,905.25
4917,932,899.64
4918,932,908.47
4919,932,909.24
4920,932,919.58
4921,932,924.38
4922,932,918.16
4923,932,913.88
4924,932,913.76
4925,932,913.5
4926,932,917.29
4927,932,917.63
4928,932,920.62
4929,932,911.85
4930,932,921.68
4931,932,916.0
4932,932,911.57
4933,932,923.05
4934,932,920.22
4935,932,904.03
4936,932,923.26
4937,932,913.83
4938,932,921.41
4939,932,901.73
4940,932,906.0
4941,932,914.2
4942,932,918.55
4943,932,921.68
4944,932,926.48
4945,932,915.59
4946,932,913.15
4947,932,917.09
4948,932,926.89
4949,932,917.9
4950,932,911.71
4951,932,909.86
4952,932,910.69
4953,932,923.26
4954,932,897.64
4955,932,917.72
4956,932,905.23
4957,932,915.06
4958,932,905.87
4959,932,919.29
4960,932,917.7
4961,932,900.26
4962,932,917.46
4963,932,915.51
4964,932,911.41
4965,932,920.08
4966,932,921.53
4967,932,895.97
4968,932,920.9
4969,932,906.65
4970,932,923.11
4971,932,919.74
4972,932,903.53
4973,932,910.68
4974,932,920.56
4975,932,896.46
4976,932,914.36
4977,932,899.43
4978,932,920.34
4979,932,919.34
4980,932,914.71
4981,932,917.2
4982,932,913.83
4983,932,923.32
4984,932,891.65
4985,932,899.19
4986,932,906.13
4987,932,906.36
4988,932,923.77
4989,932,922.59
4990,932,913.19
4991,932,910.79
4992,932,918.53
4993,932,923.5
4994,932,916.21
4995,932,916.47
4996,932,905.52
4997,932,899.42
4998,932,909.92
4999,932,916.32
5000,932,902.97
5001,932,925.83
5002,932,905.81
5003,932,915.82
5004,932,918.17
5005,932,902.08
5006,932,918.72
5007,932,911.57
5008,932,904.84
5009,932,898.96
5010,932,911.13
5011,932,920.92
5012,932,915.05
5013,932,911.36
5014,932,913.84
5015,932,914.21
5016,932,923.75
5017,932,911.7
5018,932,902.95
5019,932,902.45
5020,932,917.53
5021,932,907.54
5022,932,914.23
5023,932,908.79
5024,932,906.9
5025,932,916.51
5026,932,915.42
5027,932,906.69
5028,932,904.15
5029,932,921.08
5030,932,909.15
5031,932,915.72
5032,932,918.26
5033,932,905.94
5034,932,919.24
5035,932,919.42
5036,932,909.38
5037,932,916.12
5038,932,923.97
5039,932,911.93
5040,932,905.54
5041,932,920.63
5042,932,903.74
5043,932,921.26
5044,932,896.07
5045,932,907.23
5046,932,909.07
5047,932,911.26
5048,932,926.03
5049,932,918.47
5050,932,917.93
5051,932,908.44
5052,932,915.36
5053,932,918.5
5054,932,913.53
5055,932,908.8
5056,932,911.68
5057,932,912.13
5058,932,910.86
5059,932,923.6
5060,932,914.41
5061,932,916.22
5062,932,909.37
5063,932,919.07
5064,932,916.76
5065,932,915.74
5066,932,911.54
5067,932,916.42
5068,932,912.62
5069,932,912.73
5070,932,914.34
5071,932,917.73
5072,932,922.71
5073,932,918.23
5074,932,916.59
5075,932,911.23
5076,932,906.68
5077,932,910.63
5078,932,911.11
5079,932,916.86
5080,932,915.37
5081,932,916.87
5082,932,903.9
5083,932,916.08
5084,932,911.72
5085,932,915.07
5086,932,905.72
5087,932,917.93
5088,932,918.54
5089,932,902.46
5090,932,907.09
5091,932,905.53
5092,932,904.46
5093,932,905.64
5094,932,918.4
5095,932,916.38
5096,932,923.65
5097,932,922.34
5098,932,914.94
5099,932,898.23
5100,932,915.85
5101,932,909.9
5102,932,921.24
5103,932,913.77
5104,932,910.04
5105,932,911.37
5106,932,913.36
5107,932,913.33
5108,932,920.58
5109,932,905.59
5110,932,922.3
5111,932,915.95
5112,932,902.74
5113,932,914.06
5114,932,924.35
5115,932,918.61
5116,932,923.25
5117,932,926.32
5118,932,918.2
5119,932,906.91
5120,932,926.56
5121,932,892.85
5122,932,913.21
5123,932,901.92
5124,932,915.25
5125,932,900.07
5126,932,915.14
5127,932,921.59
5128,932,912.22
5129,932,910.04
5130,932,912.84
5131,932,915.86
5132,932,919.03
5133,932,910.91
5134,932,904.02
5135,932,908.82
5136,932,923.74
5137,932,923.86
5138,932,907.84
5139,932,903.52
5140,932,917.62
5141,932,913.4
5142,932,895.53
5143,932,915.19
5144,932,918.83
5145,932,914.37
5146,932,904.94
5147,932,908.69
5148,932,893.63
5149,932,919.31
5150,932,906.71
5151,932,905.97
5152,932,904.05
5153,932,916.11
5154,932,906.59
5155,932,910.14
5156,932,905.22
5157,932,898.02
5158,932,912.88
5159,932,924.53
5160,932,924.28
5161,932,902.15
5162,932,923.14
5163,932,910.14
5164,932,920.66
5165,932,907.3
5166,932,924.27
5167,932,914.91
5168,932,906.25
5169,932,921.88
5170,932,924.64
5171,932,925.41
5172,932,911.25
5173,932,902.17
5174,932,910.96
5175,932,918.04
5176,932,918.39
5177,932,919.88
5178,932,921.06
5179,932,901.8
5180,932,916.2
5181,932,910.75
5182,932,908.55
5183,932,925.38
5184,932,914.29
5185,932,921.49
5186,932,912.82
5187,932,914.75
5188,932,921.43
5189,932,907.82
5190,932,916.26
5191,932,902.25
5192,932,917.99
5193,932,921.52
5194,932,910.55
5195,932,907.46
5196,932,917.74
5197,932,917.52
5198,932,923.24
5199,932,917.76
5200,932,916.99
5201,932,909.86
5202,932,919.74
5203,932,911.78
5204,932,915.44
5205,932,914.6
5206,932,912.17
5207,932,892.89
5208,932,916.52
5209,932,910.85
5210,932,910.83
5211,932,919.13
5212,932,907.49
5213,932,911.0
5214,932,911.46
5215,932,918.07
5216,932,902.94
5217,932,914.2
5218,932,904.67
5219,932,913.81
5220,932,920.19
5221,932,916.33
5222,932,898.71
5223,932,903.82
5224,932,909.61
5225,932,917.75
5226,932,913.47
5227,932,918.44
5228,932,908.13
5229,932,922.79
5230,932,908.11
5231,932,904.51
5232,932,912.46
5233,932,897.25
5234,932,922.69
5235,932,904.75
5236,932,926.85
5237,932,915.1
5238,932,917.06
5239,932,905.06
5240,932,899.77
5241,932,910.88
5242,932,916.33
5243,932,910.35
5244,932,905.91
5245,932,910.89
5246,932,908.78
5247,932,907.96
5248,932,917.59
5249,932,906.29
5250,932,907.78
5251,932,917.7
5252,932,924.13
5253,932,912.84
5254,932,922.56
5255,932,918.22
5256,932,916.02
5257,932,914.27
5258,932,922.55
5259,932,916.67
5260,932,906.67
5261,932,920.4
5262,932,913.65
5263,932,917.32
5264,932,920.48
5265,932,911.17
5266,932,920.28
5267,932,922.28
5268,932,897.84
5269,932,919.37
5270,932,904.42
5271,932,928.27
5272,932,902.0
5273,932,916.18
5274,932,900.91
5275,932,922.73
5276,932,905.54
5277,932,904.35
5278,932,921.17
5279,932,905.6
5280,932,914.34
5281,932,908.9
5282,932,913.41
5283,932,910.26
5284,932,906.94
5285,932,908.77
5286,932,916.4
5287,932,914.38
5288,932,915.23
5289,932,912.19
5290,932,912.86
5291,932,915.56
5292,932,915.3
5293,932,904.84
5294,932,912.44
5295,932,906.99
5296,932,910.6
5297,932,916.12
5298,932,919.14
5299,932,906.96
5300,932,900.1
5301,932,901.13
5302,932,918.15
5303,932,917.64
5304,932,916.19
5305,932,918.76
5306,932,911.82
5307,932,917.39
5308,932,920.56
5309,932,913.57
5310,932,919.68
5311,932,915.98
5312,932,921.55
5313,932,915.35
5314,932,915.42
5315,932,917.4
5316,932,912.41
5317,932,917.15
5318,932,906.86
5319,932,919.57
5320,932,922.99
5321,932,913.44
5322,932,899.61
5323,932,918.77
5324,932,915.69
5325,932,906.26
5326,932,902.66
5327,932,925.44
5328,932,924.26
5329,932,917.11
5330,932,919.63
5331,932,918.74
5332,932,917.21
5333,932,914.55
5334,932,924.58
5335,932,912.06
5336,932,922.89
5337,932,909.33
5338,932,911.1
5339,932,911.76
5340,932,912.94
5341,932,920.73
5342,932,909.61
5343,932,915.43
5344,932,913.39
5345,932,909.18
5346,932,913.82
5347,932,919.18
5348,932,919.19
5349,932,915.61
5350,932,907.09
5351,932,923.72
5352,932,918.33
5353,932,891.08
5354,932,918.24
5355,932,917.47
5356,932,918.46
5357,932,911.08
5358,932,921.17
5359,932,917.08
5360,932,919.77
5361,932,914.28
5362,932,919.19
5363,932,908.43
5364,932,912.07
5365,932,916.89
5366,932,906.37
5367,932,916.91
5368,932,918.03
5369,932,910.9
5370,932,911.51
5371,932,903.04
5372,932,913.37
5373,932,906.94
5374,932,916.43
5375,932,920.47
5376,932,915.07
5377,932,902.12
5378,932,913.83
5379,932,919.34
5380,932,926.27
5381,932,921.56
5382,932,911.32
5383,932,916.29
5384,932,914.21
5385,932,902.69
5386,932,903.02
5387,932,905.07
5388,932,911.18
5389,932,910.64
5390,932,915.07
5391,932,916.06
5392,932,913.67
5393,932,921.4
5394,932,913.17
5395,932,923.02
5396,932,911.58
5397,932,914.46
5398,932,907.4
5399,932,919.49
5400,932,919.0
5401,932,920.09
5402,932,910.23
5403,932,912.53
5404,932,916.07
5405,932,914.99
5406,932,915.06
5407,932,913.85
5408,932,910.88
5409,932,920.29
5410,932,908.47
5411,932,910.66
5412,932,918.24
5413,932,908.99
5414,932,923.61
5415,932,917.35
5416,932,916.63
5417,932,906.09
5418,932,910.64
5419,932,915.63
5420,932,912.02
5421,932,922.07
5422,932,911.17
5423,932,906.88
5424,932,920.84
5425,932,922.98
5426,932,917.7
5427,932,907.57
5428,932,914.38
5429,932,909.39
5430,932,914.78
5431,932,900.6
5432,932,909.41
5433,932,904.63
5434,932,919.45
5435,932,917.6
5436,932,897.09
5437,932,904.79
5438,932,908.47
5439,932,925.68
5440,932,909.3
5441,932,912.88
5442,932,919.96
5443,932,918.15
5444,932,909.65
5445,932,926.28
5446,932,914.43
5447,932,919.43
5448,932,905.9
5449,932,911.56
5450,932,908.66
5451,932,919.74
5452,932,901.47
5453,932,908.99
5454,932,907.92
5455,932,916.17
5456,932,922.55
5457,932,907.76
5458,932,909.33
5459,932,901.59
5460,932,905.16
5461,932,908.34
5462,932,915.2
5463,932,914.18
5464,932,892.56
5465,932,918.93
5466,932,912.28
5467,932,915.85
5468,932,904.3
5469,932,891.48
5470,932,904.95
5471,932,918.58
5472,932,902.05
5473,932,910.17
5474,932,925.57
5475,932,903.71
5476,932,914.93
5477,932,917.83
5478,932,909.17
5479,932,907.76
5480,932,901.59
5481,932,910.33
5482,932,914.24
5483,932,919.12
5484,932,914.8
5485,932,918.2
5486,932,916.51
5487,932,911.58
5488,932,913.33
5489,932,918.38
5490,932,910.0
5491,932,906.91
5492,932,921.67
5493,932,905.66
5494,932,907.8
5495,932,900.82
5496,932,917.69
5497,932,916.13
5498,932,920.49
5499,932,926.38
5500,932,917.49
5501,932,912.79
5502,932,906.09
5503,932,914.64
5504,932,910.51
5505,932,926.71
5506,932,908.99
5507,932,912.64
5508,932,921.4
5509,932,915.83
5510,932,923.5
5511,932,916.56
5512,932,923.06
5513,932,926.4
5514,932,925.24
5515,932,894.7
5516,932,920.23
5517,932,907.34
5518,932,913.41
5519,932,906.78
5520,932,910.28
5521,932,908.27
5522,932,921.29
5523,932,923.21
5524,932,910.48
5525,932,914.19
5526,932,920.86
5527,932,929.13
5528,932,917.55
5529,932,903.07
5530,932,919.75
5531,932,915.51
5532,932,926.83
5533,932,924.2
5534,932,920.12
5535,932,903.64
5536,932,918.24
5537,932,928.11
5538,932,925.57
5539,932,926.98
5540,932,903.91
5541,932,924.62
5542,932,921.64
5543,932,908.22
5544,932,911.56
5545,932,889.21
5546,932,912.82
5547,932,919.22
5548,932,895.73
5549,932,906.76
5550,932,927.09
5551,932,911.8
5552,932,911.63
5553,932,918.37
5554,932,910.49
5555,932,918.64
5556,932,911.02
5557,932,922.29
5558,932,924.53
5559,932,910.28
5560,932,914.43
5561,932,911.84
5562,932,920.31
5563,932,919.67
5564,932,903.61
5565,932,902.68
5566,932,904.42
5567,932,906.35
5568,932,908.69
5569,932,919.98
5570,932,899.98
5571,932,913.64
5572,932,919.86
5573,932,907.75
5574,932,906.3
5575,932,918.82
5576,932,910.95
5577,932,914.04
5578,932,915.99
5579,932,923.7
5580,932,914.08
5581,932,907.81
5582,932,915.09
5583,932,905.31
5584,932,920.59
5585,932,908.52
5586,932,918.16
5587,932,925.67
5588,932,917.73
5589,932,912.11
5590,932,909.24
5591,932,922.81
5592,932,920.71
5593,932,908.88
5594,932,912.33
5595,932,920.9
5596,932,910.99
5597,932,913.44
5598,932,922.86
5599,932,902.14
5600,932,914.38
5601,932,920.29
5602,932,906.38
5603,932,909.84
5604,932,902.81
5605,932,901.7
5606,932,923.65
5607,932,902.82
5608,932,915.43
5609,932,908.64
5610,932,921.57
5611,932,921.81
5612,932,915.57
5613,932,913.29
5614,932,907.38
5615,932,909.44
5616,932,915.63
5617,932,906.17
5618,932,917.35
5619,932,903.72
5620,932,901.27
5621,932,919.94
5622,932,911.24
5623,932,921.72
5624,932,909.42
5625,932,916.86
5626,932,895.66
5627,932,912.85
5628,932,913.14
5629,932,916.62
5630,932,913.64
5631,932,920.16
5632,932,913.07
5633,932,914.26
5634,932,904.68
5635,932,907.83
5636,932,921.71
5637,932,922.06
5638,932,910.23
5639,932,910.64
5640,932,912.76
5641,932,893.04
5642,932,907.66
5643,932,915.24
5644,932,912.23
5645,932,909.26
5646,932,921.6
5647,932,915.75
5648,932,917.65
5649,932,913.54
5650,932,916.51
5651,932,922.68
5652,932,906.28
5653,932,920.89
5654,932,902.15
5655,932,897.82
5656,932,917.82
5657,932,898.97
5658,932,920.41
5659,932,923.75
5660,932,905.73
5661,932,910.22
5662,932,911.81
5663,932,910.02
5664,932,891.0
5665,932,922.87
5666,932,921.13
5667,932,910.44
5668,932,906.73
5669,932,917.13
5670,932,911.71
5671,932,906.44
5672,932,920.83
5673,932,915.76
5674,932,907.0
5675,932,899.49
5676,932,899.66
5677,932,905.29
5678,932,915.19
5679,932,913.67
5680,932,912.12
5681,932,916.26
5682,932,912.27
5683,932,899.35
5684,932,911.94
5685,932,909.99
5686,932,915.5
5687,932,909.36
5688,932,900.74
5689,932,918.73
5690,932,909.32
5691,932,898.71
5692,932,910.4
5693,932,916.78
5694,932,914.9
5695,932,887.79
5696,932,911.85
5697,932,919.11
5698,932,908.28
5699,932,907.1
5700,932,914.35
5701,932,923.64
5702,932,919.62
5703,932,918.69
5704,932,929.0
5705,932,917.12
5706,932,922.15
5707,932,906.18
5708,932,915.92
5709,932,915.43
5710,932,923.88
5711,932,919.23
5712,932,916.3
5713,932,912.38
5714,932,917.94
5715,932,915.71
5716,932,915.08
5717,932,916.82
5718,932,920.11
5719,932,913.51
5720,932,922.78
5721,932,924.28
5722,932,916.57
5723,932,915.3
5724,932,914.22
5725,932,903.88
5726,932,909.82
5727,932,908.62
5728,932,908.57
5729,932,919.23
5730,932,913.55
5731,932,908.77
5732,932,904.28
5733,932,916.51
5734,932,911.88
5735,932,898.61
5736,932,913.02
5737,932,917.33
5738,932,913.56
5739,932,915.84
5740,932,907.03
5741,932,919.25
5742,932,918.64
5743,932,910.65
5744,932,918.94
5745,932,910.78
5746,932,905.72
5747,932,914.31
5748,932,917.14
5749,932,924.39
5750,932,923.55
5751,932,901.35
5752,932,911.57
5753,932,915.69
5754,932,898.35
5755,932,906.13
5756,932,912.01
5757,932,908.16
5758,932,908.19
5759,932,916.38
5760,932,923.38
5761,932,915.21
5762,932,914.35
5763,932,919.82
5764,932,921.26
5765,932,908.15
5766,932,908.47
5767,932,913.77
5768,932,919.06
5769,932,909.95
5770,932,916.34
5771,932,910.13
5772,932,903.63
5773,932,907.42
5774,932,902.7
5775,932,917.29
5776,932,920.29
5777,932,909.42
5778,932,901.93
5779,932,917.27
5780,932,910.49
5781,932,920.17
5782,932,914.51
5783,932,909.28
5784,932,918.79
5785,932,913.0
5786,932,921.43
5787,932,908.32
5788,932,919.51
5789,932,899.01
5790,932,907.77
5791,932,919.81
5792,932,911.76
5793,932,913.49
5794,932,909.14
5795,932,908.37
5796,932,902.61
5797,932,916.27
5798,932,917.72
5799,932,909.78
5800,932,910.43
5801,932,917.7
5802,932,911.82
5803,932,919.28
5804,932,916.05
5805,932,907.28
5806,932,907.95
5807,932,910.71
5808,932,910.78
5809,932,909.18
5810,932,916.67
5811,932,919.44
5812,932,914.98
5813,932,916.19
5814,932,909.78
5815,932,920.98
5816,932,917.51
5817,932,908.46
5818,932,908.25
5819,932,908.44
5820,932,925.3
5821,932,910.35
5822,932,910.05
5823,932,920.56
5824,932,905.48
5825,932,910.91
5826,932,914.81
5827,932,911.36
5828,932,919.31
5829,932,904.89
5830,932,906.56
5831,932,915.93
5832,932,920.85
5833,932,912.53
5834,932,908.51
5835,932,914.31
5836,932,908.41
5837,932,901.4
5838,932,908.07
5839,932,904.95
5840,932,910.58
5841,932,915.3
5842,932,901.3
5843,932,914.19
5844,932,917.74
5845,932,914.66
5846,932,920.58
5847,932,901.27
5848,932,912.59
5849,932,914.89
5850,932,909.49
5851,932,921.1
5852,932,909.17
5853,932,918.49
5854,932,916.21
5855,932,917.53
5856,932,903.6
5857,932,910.95
5858,932,913.21
5859,932,918.8
5860,932,900.77
5861,932,905.72
5862,932,894.95
5863,932,917.62
5864,932,897.81
5865,932,900.2
5866,932,913.83
5867,932,904.76
5868,932,917.38
5869,932,922.71
5870,932,921.88
5871,932,917.53
5872,932,922.83
5873,932,918.44
5874,932,901.62
5875,932,905.76
5876,932,916.44
5877,932,921.17
5878,932,916.49
5879,932,903.68
5880,932,909.84
5881,932,914.72
5882,932,902.89
5883,932,911.88
5884,932,905.82
5885,932,908.43
5886,932,915.78
5887,932,904.56
5888,932,899.34
5889,932,902.83
5890,932,903.25
5891,932,903.19
5892,932,923.03
5893,932,919.36
5894,932,919.83
5895,932,914.78
5896,932,910.11
5897,932,920.98
5898,932,908.85
5899,932,900.0
5900,932,923.7
5901,932,919.88
5902,932,905.51
5903,932,914.12
5904,932,915.49
5905,932,907.27
5906,932,916.37
5907,932,916.63
5908,932,914.13
5909,932,919.17
5910,932,911.02
5911,932,915.83
5912,932,915.44
5913,932,899.84
5914,932,912.39
5915,932,921.56
5916,932,915.3
5917,932,917.8
5918,932,909.82
5919,932,901.22
5920,932,915.74
5921,932,911.02
5922,932,923.53
5923,932,926.63
5924,932,921.93
5925,932,915.03
5926,932,924.49
5927,932,908.79
5928,932,911.57
5929,932,909.01
5930,932,919.34
5931,932,917.73
5932,932,924.08
5933,932,898.44
5934,932,913.61
5935,932,912.63
5936,932,910.9
5937,932,917.55
5938,932,905.1
5939,932,916.34
5940,932,905.74
5941,932,923.06
5942,932,916.96
5943,932,920.48
5944,932,916.88
5945,932,923.58
5946,932,925.07
5947,932,917.19
5948,932,907.83
5949,932,907.49
5950,932,912.4
5951,932,919.35
5952,932,913.45
5953,932,901.45
5954,932,914.54
5955,932,903.97
5956,932,911.66
5957,932,902.73
5958,932,917.41
5959,932,915.42
5960,932,913.62
5961,932,919.61
5962,932,893.75
5963,932,917.24
5964,932,921.77
5965,932,917.14
5966,932,911.69
5967,932,911.12
5968,932,914.16
5969,932,910.39
5970,932,913.23
5971,932,909.04
5972,932,906.56
5973,932,919.18
5974,932,903.99
5975,932,918.99
5976,932,911.12
5977,932,918.23
5978,932,910.54
5979,932,918.07
5980,932,895.22
5981,932,909.81
5982,932,903.14
5983,932,917.11
5984,932,905.6
5985,932,912.43
5986,932,905.99
5987,932,913.0
5988,932,908.99
5989,932,916.11
5990,932,924.02
5991,932,920.35
5992,932,918.37
5993,932,895.09
5994,932,905.45
5995,932,913.77
5996,932,914.54
5997,932,909.27
5998,932,917.86
5999,932,916.41
6000,932,905.62
6001,932,904.21
6002,932,916.65
6003,932,915.83
6004,932,912.8
6005,932,905.77
6006,932,905.15
6007,932,911.02
6008,932,901.57
6009,932,912.51
6010,932,920.0
6011,932,917.14
6012,932,919.48
6013,932,924.5
6014,932,912.45
6015,932,900.63
6016,932,918.29
6017,932,910.01
6018,932,918.01
6019,932,909.56
6020,932,915.15
6021,932,904.59
6022,932,914.03
6023,932,920.09
6024,932,906.26
6025,932,914.04
6026,932,915.04
6027,932,912.56
6028,932,903.58
6029,932,915.52
6030,932,914.09
6031,932,909.62
6032,932,918.97
6033,932,898.58
6034,932,913.16
6035,932,909.87
6036,932,915.89
6037,932,916.61
6038,932,909.15
6039,932,906.45
6040,932,913.58
6041,932,911.84
6042,932,915.42
6043,932,914.36
6044,932,908.1
6045,932,914.75
6046,932,916.0
6047,932,905.64
6048,932,916.77
6049,932,917.32
6050,932,912.39
6051,932,922.3
6052,932,924.81
6053,932,910.16
6054,932,913.24
6055,932,915.34
6056,932,922.47
6057,932,918.11
6058,932,922.69
6059,932,916.94
6060,932,918.34
6061,932,920.85
6062,932,918.75
6063,932,907.87
6064,932,922.04
6065,932,924.11
6066,932,905.19
6067,932,912.87
6068,932,901.63
6069,932,917.24
6070,932,920.67
6071,932,923.83
6072,932,919.21
6073,932,912.87
6074,932,912.57
6075,932,907.29
6076,932,910.28
6077,932,918.32
6078,932,920.84
6079,932,917.74
6080,932,906.07
6081,932,917.14
6082,932,914.4
6083,932,909.46
6084,932,898.53
6085,932,914.4
6086,932,913.53
6087,932,917.28
6088,932,906.99
6089,932,921.16
6090,932,913.91
6091,932,911.65
6092,932,919.57
6093,932,906.49
6094,932,915.79
6095,932,919.48
6096,932,917.13
6097,932,905.21
6098,932,918.7
6099,932,920.84
6100,932,918.6
6101,932,909.19
6102,932,915.25
6103,932,915.45
6104,932,920.63
6105,932,896.0
6106,932,904.0
6107,932,914.95
6108,932,891.44
6109,932,912.24
6110,932,919.67
6111,932,918.5
6112,932,911.01
6113,932,912.44
6114,932,922.08
6115,932,917.59
6116,932,917.66
6117,932,914.37
6118,932,911.55
6119,932,909.51
6120,932,917.74
6121,932,909.83
6122,932,907.98
6123,932,914.07
6124,932,910.19
6125,932,909.0
6126,932,915.23
6127,932,916.66
6128,932,916.55
6129,932,914.62
6130,932,900.29
6131,932,894.31
6132,932,915.97
6133,932,916.06
6134,932,919.82
6135,932,914.41
6136,932,919.23
6137,932,914.2
6138,932,913.16
6139,932,917.27
6140,932,908.83
6141,932,917.71
6142,932,916.96
6143,932,926.42
6144,932,915.59
6145,932,912.62
6146,932,909.58
6147,932,911.14
6148,932,914.48
6149,932,904.28
6150,932,900.16
6151,932,915.49
6152,932,915.29
6153,932,903.0
6154,932,920.49
6155,932,919.62
6156,932,915.97
6157,932,918.46
6158,932,915.98
6159,932,919.3
6160,932,913.61
6161,932,900.46
6162,932,907.41
6163,932,912.42
6164,932,917.97
6165,932,919.72
6166,932,913.33
6167,932,923.41
6168,932,922.56
6169,932,895.34
6170,932,902.26
6171,932,918.92
6172,932,919.01
6173,932,923.74
6174,932,921.24
6175,932,914.71
6176,932,922.05
6177,932,915.92
6178,932,900.83
6179,932,909.74
6180,932,911.8
6181,932,906.81
6182,932,919.85
6183,932,907.51
6184,932,912.11
6185,932,917.01
6186,932,911.71
6187,932,919.09
6188,932,918.04
6189,932,916.1
6190,932,911.57
6191,932,913.66
6192,932,897.73
6193,932,905.43
6194,932,918.1
6195,932,918.18
6196,932,923.77
6197,932,913.95
6198,932,915.54
6199,932,922.81
6200,932,917.35
6201,932,911.81
6202,932,906.52
6203,932,908.67
6204,932,896.24
6205,932,911.64
6206,932,920.78
6207,932,916.21
6208,932,919.05
6209,932,913.95
6210,932,904.24
6211,932,901.82
6212,932,916.13
6213,932,916.58
6214,932,914.46
6215,932,916.25
6216,932,915.63
6217,932,916.5
6218,932,913.5
6219,932,921.36
6220,932,903.37
6221,932,906.83
6222,932,917.58
6223,932,909.13
6224,932,914.41
6225,932,917.1
6226,932,915.61
6227,932,921.13
6228,932,921.33
6229,932,917.22
6230,932,911.26
6231,932,917.48
6232,932,896.03
6233,932,919.56
6234,932,918.09
6235,932,913.58
6236,932,905.54
6237,932,903.67
6238,932,915.25
6239,932,908.47
6240,932,921.81
6241,932,914.02
6242,932,916.42
6243,932,924.53
6244,932,903.95
6245,932,913.49
6246,932,915.75
6247,932,903.46
6248,932,921.25
6249,932,908.02
6250,932,915.1
6251,932,918.35
6252,932,896.18
6253,932,914.0
6254,932,911.73
6255,932,922.59
6256,932,916.04
6257,932,896.22
6258,932,913.74
6259,932,909.81
6260,932,912.44
6261,932,915.93
6262,932,910.5
6263,932,913.93
6264,932,903.58
6265,932,926.53
6266,932,913.01
6267,932,903.83
6268,932,913.85
6269,932,901.63
6270,932,913.66
6271,932,902.69
6272,932,890.36
6273,932,914.25
6274,932,918.26
6275,932,921.61
6276,932,913.22
6277,932,895.61
6278,932,898.5
6279,932,910.53
6280,932,909.25
6281,932,912.17
6282,932,908.69
6283,932,909.11
6284,932,914.27
6285,932,911.33
6286,932,910.78
6287,932,919.74
6288,932,918.14
6289,932,917.85
6290,932,920.05
6291,932,912.18
6292,932,916.15
6293,932,922.83
6294,932,921.59
6295,932,913.61
6296,932,907.7
6297,932,906.09
6298,932,911.64
6299,932,916.81
6300,932,919.65
6301,932,924.66
6302,932,917.34
6303,932,903.92
6304,932,912.56
6305,932,896.63
6306,932,921.71
6307,932,908.46
6308,932,918.98
6309,932,927.43
6310,932,911.77
6311,932,909.91
6312,932,901.97
6313,932,919.54
6314,932,918.86
6315,932,920.77
6316,932,905.33
6317,932,924.03
6318,932,910.58
6319,932,916.14
6320,932,904.95
6321,932,909.78
6322,932,917.01
6323,932,913.85
6324,932,909.96
6325,932,894.38
6326,932,916.88
6327,932,919.96
6328,932,919.59
6329,932,895.19
6330,932,903.31
6331,932,914.73
6332,932,917.05
6333,932,917.26
6334,932,916.25
6335,932,912.96
6336,932,900.23
6337,932,918.95
6338,932,901.44
6339,932,911.08
6340,932,915.59
6341,932,907.2
6342,932,910.2
6343,932,927.21
6344,932,917.17
6345,932,908.11
6346,932,914.7
6347,932,926.41
6348,932,913.88
6349,932,909.43
6350,932,913.44
6351,932,920.14
6352,932,909.81
6353,932,918.36
6354,932,908.31
6355,932,907.29
6356,932,904.21
6357,932,920.26
6358,932,924.98
6359,932,913.4
6360,932,917.56
6361,932,912.52
6362,932,911.27
6363,932,908.96
6364,932,904.31
6365,932,924.39
6366,932,926.4
6367,932,919.25
6368,932,917.32
6369,932,922.41
6370,932,908.66
6371,932,907.25
6372,932,919.58
6373,932,897.79
6374,932,920.98
6375,932,913.43
6376,932,921.48
6377,932,918.87
6378,932,920.09
6379,932,903.18
6380,932,921.72
6381,932,919.27
6382,932,907.19
6383,932,910.49
6384,932,905.69
6385,932,914.36
6386,932,903.91
6387,932,919.49
6388,932,911.96
6389,932,909.03
6390,932,920.34
6391,932,901.43
6392,932,919.42
6393,932,914.03
6394,932,898.98
6395,932,918.93
6396,932,916.67
6397,932,920.16
6398,932,906.96
6399,932,907.18
6400,932,915.38
6401,932,917.42
6402,932,913.17
6403,932,912.39
6404,932,914.57
6405,932,918.85
6406,932,918.07
6407,932,918.84
6408,932,922.91
6409,932,925.96
6410,932,915.81
6411,932,916.81
6412,932,912.38
6413,932,916.41
6414,932,914.73
6415,932,920.88
6416,932,916.63
6417,932,913.78
6418,932,911.63
6419,932,910.37
6420,932,911.8
6421,932,911.74
6422,932,915.03
6423,932,906.08
6424,932,908.44
6425,932,911.09
6426,932,917.86
6427,932,909.87
6428,932,900.45
6429,932,907.64
6430,932,908.29
6431,932,898.22
6432,932,892.7
6433,932,916.87
6434,932,912.23
6435,932,908.16
6436,932,910.91
6437,932,902.07
6438,932,911.57
6439,932,906.08
6440,932,918.77
6441,932,914.2
6442,932,914.64
6443,932,906.13
6444,932,901.17
6445,932,915.1
6446,932,899.37
6447,932,889.65
6448,932,900.04
6449,932,917.41
6450,932,922.78
6451,932,918.14
6452,932,914.18
6453,932,914.63
6454,932,917.86
6455,932,922.17
6456,932,903.29
6457,932,905.95
6458,932,921.04
6459,932,920.32
6460,932,920.03
6461,932,922.48
6462,932,901.6
6463,932,923.16
6464,932,915.73
6465,932,914.01
6466,932,904.64
6467,932,920.49
6468,932,905.48
6469,932,913.54
6470,932,900.79
6471,932,908.79
6472,932,901.64
6473,932,913.83
6474,932,918.2
6475,932,900.93
6476,932,912.99
6477,932,910.92
6478,932,923.22
6479,932,916.72
6480,932,912.4
6481,932,917.84
6482,932,903.71
6483,932,923.07
6484,932,898.57
6485,932,904.48
6486,932,909.23
6487,932,899.37
6488,932,912.1
6489,932,914.94
6490,932,915.13
6491,932,913.45
6492,932,910.19
6493,932,909.43
6494,932,917.32
6495,932,906.64
6496,932,900.24
6497,932,913.94
6498,932,909.43
6499,932,909.54
6500,932,905.77
6501,932,908.64
6502,932,914.8
6503,932,909.79
6504,932,914.59
6505,932,905.96
6506,932,920.14
6507,932,921.49
6508,932,908.26
6509,932,912.99
6510,932,907.69
6511,932,919.52
6512,932,917.08
6513,932,921.12
6514,932,912.66
6515,932,915.37
6516,932,896.79
6517,932,921.77
6518,932,916.95
6519,932,901.84
6520,932,915.77
6521,932,917.81
6522,932,901.72
6523,932,918.28
6524,932,918.08
6525,932,913.0
6526,932,926.66
6527,932,927.67
6528,932,908.82
6529,932,909.28
6530,932,904.68
6531,932,906.75
6532,932,919.19
6533,932,900.13
6534,932,916.07
6535,932,918.05
6536,932,908.29
6537,932,904.25
6538,932,915.11
6539,932,911.25
6540,932,921.48
6541,932,906.74
6542,932,911.08
6543,932,916.96
6544,932,913.11
6545,932,913.02
6546,932,917.05
6547,932,921.01
6548,932,909.84
6549,932,905.44
6550,932,908.81
6551,932,910.78
6552,932,910.94
6553,932,901.57
6554,932,913.07
6555,932,908.23
6556,932,911.37
6557,932,903.91
6558,932,924.22
6559,932,893.87
6560,932,918.75
6561,932,917.81
6562,932,923.95
6563,932,905.39
6564,932,920.61
6565,932,902.77
6566,932,920.19
6567,932,920.26
6568,932,921.14
6569,932,918.49
6570,932,914.08
6571,932,914.47
6572,932,913.1
6573,932,912.53
6574,932,907.27
6575,932,913.43
6576,932,901.75
6577,932,917.67
6578,932,917.33
6579,932,920.44
6580,932,910.08
6581,932,913.19
6582,932,907.48
6583,932,916.95
6584,932,920.52
6585,932,910.22
6586,932,907.44
6587,932,915.25
6588,932,916.56
6589,932,906.9
6590,932,916.95
6591,932,916.95
6592,932,908.96
6593,932,917.56
6594,932,921.28
6595,932,908.38
6596,932,899.6
6597,932,908.64
6598,932,913.22
6599,932,917.34
6600,932,918.52
6601,932,915.88
6602,932,907.31
6603,932,916.5
6604,932,908.65
6605,932,905.4
6606,932,912.93
6607,932,919.17
6608,932,911.64
6609,932,909.58
6610,932,917.66
6611,932,916.03
6612,932,914.33
6613,932,907.82
6614,932,916.18
6615,932,890.59
6616,932,908.07
6617,932,909.53
6618,932,909.63
6619,932,914.04
6620,932,917.84
6621,932,910.65
6622,932,916.86
6623,932,919.81
6624,932,923.18
6625,932,922.14
6626,932,919.45
6627,932,908.49
6628,932,910.2
6629,932,919.29
6630,932,903.33
6631,932,911.57
6632,932,914.37
6633,932,914.59
6634,932,918.77
6635,932,908.79
6636,932,921.13
6637,932,908.69
6638,932,915.07
6639,932,903.59
6640,932,918.32
6641,932,920.98
6642,932,917.49
6643,932,917.35
6644,932,914.35
6645,932,922.91
6646,932,911.9
6647,932,911.19
6648,932,921.7
6649,932,905.21
6650,932,917.88
6651,932,910.86
6652,932,903.4
6653,932,911.04
6654,932,900.81
6655,932,915.91
6656,932,918.64
6657,932,908.91
6658,932,910.83
6659,932,910.92
6660,932,908.78
6661,932,905.15
6662,932,917.35
6663,932,912.48
6664,932,914.62
6665,932,883.51
6666,932,907.74
6667,932,913.38
6668,932,921.14
6669,932,916.41
6670,932,913.18
6671,932,905.85
6672,932,919.91
6673,932,907.33
6674,932,913.49
6675,932,916.19
6676,932,927.39
6677,932,900.39
6678,932,926.42
6679,932,905.35
6680,932,925.62
6681,932,906.57
6682,932,928.41
6683,932,917.86
6684,932,903.56
6685,932,904.13
6686,932,922.97
6687,932,921.87
6688,932,924.69
6689,932,919.66
6690,932,911.71
6691,932,910.12
6692,932,914.17
6693,932,906.23
6694,932,913.78
6695,932,906.46
6696,932,915.25
6697,932,899.67
6698,932,910.1
6699,932,904.24
6700,932,909.67
6701,932,922.8
6702,932,908.95
6703,932,911.78
6704,932,912.32
6705,932,908.23
6706,932,911.72
6707,932,920.1
6708,932,907.34
6709,932,923.88
6710,932,918.54
6711,932,910.81
6712,932,913.99
6713,932,911.26
6714,932,901.38
6715,932,910.04
6716,932,920.62
6717,932,904.79
6718,932,918.82
6719,932,914.29
6720,932,916.85
6721,932,918.98
6722,932,916.74
6723,932,911.3
6724,932,912.91
6725,932,914.57
6726,932,913.48
6727,932,911.3
6728,932,919.82
6729,932,918.48
6730,932,916.58
6731,932,899.32
6732,932,919.23
6733,932,898.68
6734,932,895.41
6735,932,918.72
6736,932,903.03
6737,932,915.05
6738,932,921.07
6739,932,917.21
6740,932,918.64
6741,932,909.29
6742,932,912.46
6743,932,915.37
6744,932,919.77
6745,932,911.1
6746,932,906.61
6747,932,915.38
6748,932,913.95
6749,932,912.51
6750,932,927.36
6751,932,914.94
6752,932,907.75
6753,932,919.49
6754,932,901.47
6755,932,919.81
6756,932,900.45
6757,932,911.0
6758,932,905.93
6759,932,918.14
6760,932,920.13
6761,932,914.8
6762,932,902.69
6763,932,916.42
6764,932,919.92
6765,932,919.31
6766,932,917.29
6767,932,905.85
6768,932,910.43
6769,932,913.87
6770,932,910.69
6771,932,914.43
6772,932,914.46
6773,932,914.62
6774,932,906.96
6775,932,912.48
6776,932,903.36
6777,932,924.75
6778,932,901.93
6779,932,909.68
6780,932,902.53
6781,932,923.72
6782,932,914.49
6783,932,913.3
6784,932,911.52
6785,932,912.42
6786,932,908.52
6787,932,919.69
6788,932,914.26
6789,932,915.73
6790,932,910.9
6791,932,903.1
6792,932,924.64
6793,932,904.2
6794,932,902.48
6795,932,907.95
6796,932,919.85
6797,932,926.11
6798,932,916.32
6799,932,917.49
6800,932,918.9
6801,932,910.38
6802,932,912.38
6803,932,908.58
6804,932,917.92
6805,932,915.32
6806,932,918.89
6807,932,919.3
6808,932,922.06
6809,932,909.57
6810,932,913.0
6811,932,916.43
6812,932,915.84
6813,932,920.41
6814,932,914.9
6815,932,907.43
6816,932,909.11
6817,932,920.42
6818,932,915.71
6819,932,907.67
6820,932,910.16
6821,932,912.09
6822,932,927.19
6823,932,919.56
6824,932,917.42
6825,932,910.0
6826,932,919.22
6827,932,920.59
6828,932,913.12
6829,932,895.32
6830,932,920.83
6831,932,912.46
6832,932,909.86
6833,932,904.89
6834,932,914.66
6835,932,910.65
6836,932,909.29
6837,932,915.07
6838,932,908.07
6839,932,921.87
6840,932,918.72
6841,932,905.47
6842,932,915.51
6843,932,924.89
6844,932,901.76
6845,932,923.63
6846,932,919.68
6847,932,911.31
6848,932,904.12
6849,932,905.33
6850,932,910.17
6851,932,908.46
6852,932,919.39
6853,932,919.32
6854,932,897.5
6855,932,914.27
6856,932,913.06
6857,932,918.44
6858,932,909.13
6859,932,922.02
6860,932,911.59
6861,932,922.7
6862,932,903.13
6863,932,917.16
6864,932,914.19
6865,932,905.16
6866,932,908.94
6867,932,909.57
6868,932,913.85
6869,932,923.54
6870,932,905.31
6871,932,900.96
6872,932,911.84
6873,932,924.4
6874,932,905.83
6875,932,906.61
6876,932,909.14
6877,932,913.48
6878,932,910.08
6879,932,912.77
6880,932,918.97
6881,932,911.6
6882,932,902.89
6883,932,911.52
6884,932,911.33
6885,932,910.7
6886,932,916.59
6887,932,914.42
6888,932,907.89
6889,932,922.04
6890,932,909.77
6891,932,920.2
6892,932,902.6
6893,932,919.82
6894,932,918.55
6895,932,914.09
6896,932,919.65
6897,932,916.62
6898,932,920.26
6899,932,916.9
6900,932,918.15
6901,932,908.89
6902,932,918.76
6903,932,918.53
6904,932,910.51
6905,932,914.11
6906,932,911.06
6907,932,919.49
6908,932,913.31
6909,932,911.39
6910,932,919.07
6911,932,911.13
6912,932,893.38
6913,932,922.06
6914,932,903.37
6915,932,894.6
6916,932,903.69
6917,932,913.73
6918,932,911.77
6919,932,919.69
6920,932,909.77
6921,932,912.88
6922,932,899.79
6923,932,900.45
6924,932,913.82
6925,932,923.95
6926,932,902.72
6927,932,920.43
6928,932,912.71
6929,932,918.68
6930,932,910.53
6931,932,913.73
6932,932,910.4
6933,932,898.58
6934,932,924.03
6935,932,919.97
6936,932,916.81
6937,932,917.53
6938,932,912.02
6939,932,921.36
6940,932,908.75
6941,932,917.12
6942,932,924.44
6943,932,917.36
6944,932,921.55
6945,932,911.79
6946,932,910.34
6947,932,919.3
6948,932,913.95
6949,932,907.4
6950,932,914.67
6951,932,919.68
6952,932,909.85
6953,932,908.49
6954,932,911.5
6955,932,917.69
6956,932,914.57
6957,932,914.6
6958,932,904.98
6959,932,902.01
6960,932,903.38
6961,932,918.9
6962,932,905.44
6963,932,899.06
6964,932,905.6
6965,932,916.25
6966,932,910.09
6967,932,919.52
6968,932,918.38
6969,932,912.36
6970,932,919.43
6971,932,902.49
6972,932,913.18
6973,932,901.22
6974,932,909.16
6975,932,916.59
6976,932,914.61
6977,932,910.27
6978,932,920.69
6979,932,920.76
6980,932,921.94
6981,932,920.44
6982,932,906.67
6983,932,923.7
6984,932,900.36
6985,932,922.88
6986,932,912.34
6987,932,903.19
6988,932,916.69
6989,932,922.21
6990,932,921.86
6991,932,914.67
6992,932,913.24
6993,932,923.97
6994,932,907.42
6995,932,897.72
6996,932,909.86
6997,932,908.85
6998,932,912.23
6999,932,921.21
7000,932,897.99
7001,932,922.19
7002,932,919.5
7003,932,915.26
7004,932,900.54
7005,932,909.41
7006,932,909.06
7007,932,922.01
7008,932,916.86
7009,932,916.32
7010,932,915.64
7011,932,907.28
7012,932,916.47
7013,932,898.47
7014,932,912.33
7015,932,916.82
7016,932,919.14
7017,932,907.76
7018,932,924.66
7019,932,910.87
7020,932,924.93
7021,932,921.55
7022,932,919.04
7023,932,918.51
7024,932,914.18
7025,932,894.44
7026,932,913.66
7027,932,912.06
7028,932,903.97
7029,932,920.82
7030,932,918.24
7031,932,908.52
7032,932,916.05
7033,932,902.01
7034,932,912.21
7035,932,914.13
7036,932,926.22
7037,932,901.91
7038,932,917.09
7039,932,926.47
7040,932,896.23
7041,932,918.78
7042,932,897.49
7043,932,925.27
7044,932,906.77
7045,932,908.02
7046,932,904.41
7047,932,916.75
7048,932,910.53
7049,932,921.51
7050,932,911.76
7051,932,926.93
7052,932,907.78
7053,932,915.36
7054,932,905.58
7055,932,918.49
7056,932,909.76
7057,932,917.08
7058,932,901.73
7059,932,912.97
7060,932,912.45
7061,932,915.47
7062,932,912.11
7063,932,921.64
7064,932,915.07
7065,932,914.15
7066,932,918.08
7067,932,921.55
7068,932,915.96
7069,932,925.67
7070,932,926.11
7071,932,924.97
7072,932,915.56
7073,932,916.87
7074,932,920.45
7075,932,903.06
7076,932,913.42
7077,932,919.14
7078,932,898.58
7079,932,909.92
7080,932,917.66
7081,932,919.84
7082,932,921.31
7083,932,908.04
7084,932,911.78
7085,932,914.96
7086,932,910.57
7087,932,897.51
7088,932,914.99
7089,932,917.52
7090,932,906.22
7091,932,922.13
7092,932,916.91
7093,932,913.32
7094,932,915.26
7095,932,904.94
7096,932,917.19
7097,932,905.67
7098,932,918.16
7099,932,910.32
7100,932,918.52
7101,932,908.9
7102,932,920.8
7103,932,908.26
7104,932,909.97
7105,932,915.94
7106,932,914.56
7107,932,906.98
7108,932,910.27
7109,932,918.87
7110,932,904.71
7111,932,894.47
7112,932,918.09
7113,932,914.83
7114,932,911.42
7115,932,915.3
7116,932,922.57
7117,932,915.03
7118,932,898.27
7119,932,906.98
7120,932,909.19
7121,932,907.95
7122,932,926.03
7123,932,910.17
7124,932,923.04
7125,932,919.4
7126,932,902.82
7127,932,918.87
7128,932,912.53
7129,932,898.02
7130,932,910.58
7131,932,909.5
7132,932,915.73
7133,932,922.61
7134,932,915.62
7135,932,914.56
7136,932,902.76
7137,932,920.28
7138,932,908.5
7139,932,915.62
7140,932,918.6
7141,932,909.42
7142,932,922.32
7143,932,915.3
7144,932,909.91
7145,932,915.28
7146,932,906.1
7147,932,911.23
7148,932,914.84
7149,932,917.62
7150,932,918.82
7151,932,905.68
7152,932,905.81
7153,932,924.48
7154,932,921.93
7155,932,908.61
7156,932,923.0
7157,932,906.53
7158,932,918.34
7159,932,923.48
7160,932,908.59
7161,932,926.45
7162,932,919.61
7163,932,920.7
7164,932,908.73
7165,932,915.64
7166,932,907.52
7167,932,909.9
7168,932,897.4
7169,932,913.86
7170,932,913.6
7171,932,906.39
7172,932,905.96
7173,932,915.55
7174,932,901.03
7175,932,913.41
7176,932,903.5
7177,932,913.44
7178,932,922.33
7179,932,904.23
7180,932,895.35
7181,932,914.37
7182,932,904.5
7183,932,905.04
7184,932,917.33
7185,932,917.1
7186,932,921.05
7187,932,915.1
7188,932,917.07
7189,932,913.12
7190,932,912.49
7191,932,916.21
7192,932,920.34
7193,932,914.9
7194,932,921.65
7195,932,921.65
7196,932,900.33
7197,932,925.91
7198,932,917.23
7199,932,906.66
7200,932,922.21
7201,932,908.7
7202,932,910.71
7203,932,918.15
7204,932,919.21
7205,932,906.13
7206,932,903.2
7207,932,907.89
7208,932,909.35
7209,932,904.24
7210,932,921.38
7211,932,902.94
7212,932,917.2
7213,932,918.19
7214,932,917.22
7215,932,905.28
7216,932,926.61
7217,932,918.15
7218,932,913.23
7219,932,917.09
7220,932,908.94
7221,932,909.16
7222,932,919.5
7223,932,900.32
7224,932,896.33
7225,932,909.31
7226,932,905.98
7227,932,923.48
7228,932,907.27
7229,932,915.1
7230,932,900.47
7231,932,921.99
7232,932,898.89
7233,932,920.98
7234,932,910.92
7235,932,909.58
7236,932,919.02
7237,932,913.83
7238,932,903.51
7239,932,915.49
7240,932,918.29
7241,932,918.25
7242,932,900.18
7243,932,912.18
7244,932,909.99
7245,932,904.28
7246,932,913.98
7247,932,916.5
7248,932,902.23
7249,932,916.7
7250,932,914.2
7251,932,918.19
7252,932,917.88
7253,932,906.94
7254,932,915.27
7255,932,913.41
7256,932,925.57
7257,932,913.26
7258,932,918.14
7259,932,909.83
7260,932,916.57
7261,932,911.42
7262,932,924.45
7263,932,896.66
7264,932,913.55
7265,932,909.77
7266,932,921.21
7267,932,918.65
7268,932,894.78
7269,932,902.52
7270,932,903.49
7271,932,912.78
7272,932,908.73
7273,932,911.42
7274,932,904.01
7275,932,910.26
7276,932,913.51
7277,932,919.7
7278,932,912.65
7279,932,919.25
7280,932,911.06
7281,932,922.29
7282,932,912.14
7283,932,903.13
7284,932,907.96
7285,932,918.16
7286,932,915.27
7287,932,914.96
7288,932,914.16
7289,932,897.9
7290,932,909.4
7291,932,905.35
7292,932,917.92
7293,932,915.21
7294,932,907.14
7295,932,912.65
7296,932,904.76
7297,932,919.28
7298,932,917.34
7299,932,923.75
7300,932,908.13
7301,932,914.33
7302,932,895.29
7303,932,913.48
7304,932,924.61
7305,932,916.69
7306,932,911.89
7307,932,916.81
7308,932,921.23
7309,932,925.44
7310,932,927.67
7311,932,914.14
7312,932,910.44
7313,932,919.37
7314,932,918.23
7315,932,924.69
7316,932,917.95
7317,932,915.81
7318,932,908.22
7319,932,911.68
7320,932,910.39
7321,932,910.6
7322,932,897.73
7323,932,915.82
7324,932,900.15
7325,932,910.98
7326,932,916.79
7327,932,928.62
7328,932,919.4
7329,932,903.54
7330,932,913.41
7331,932,920.41
7332,932,910.07
7333,932,920.74
7334,932,904.26
7335,932,921.21
7336,932,902.6
7337,932,909.42
7338,932,910.37
7339,932,921.84
7340,932,914.59
7341,932,917.32
7342,932,908.26
7343,932,910.73
7344,932,919.95
7345,932,927.18
7346,932,913.69
7347,932,912.82
7348,932,902.11
7349,932,910.76
7350,932,916.53
7351,932,915.13
7352,932,909.37
7353,932,911.96
7354,932,926.93
7355,932,915.63
7356,932,909.6
7357,932,919.41
7358,932,920.89
7359,932,914.2
7360,932,910.14
7361,932,924.0
7362,932,905.62
7363,932,919.81
7364,932,910.53
7365,932,924.25
7366,932,925.87
7367,932,905.64
7368,932,909.72
7369,932,910.91
7370,932,912.62
7371,932,911.79
7372,932,917.12
7373,932,916.23
7374,932,902.92
7375,932,916.26
7376,932,907.62
7377,932,923.45
7378,932,919.17
7379,932,917.47
7380,932,917.03
7381,932,899.54
7382,932,912.71
7383,932,905.74
7384,932,927.5
7385,932,893.72
7386,932,910.73
7387,932,917.94
7388,932,907.39
7389,932,911.55
7390,932,906.72
7391,932,921.2
7392,932,906.15
7393,932,918.67
7394,932,902.4
7395,932,914.76
7396,932,906.37
7397,932,900.06
7398,932,918.4
7399,932,911.27
7400,932,911.78
7401,932,915.66
7402,932,908.05
7403,932,914.59
7404,932,910.16
7405,932,915.1
7406,932,913.42
7407,932,907.26
7408,932,895.29
7409,932,914.37
7410,932,917.29
7411,932,920.17
7412,932,902.63
7413,932,916.76
7414,932,916.77
7415,932,904.89
7416,932,912.55
7417,932,912.78
7418,932,890.48
7419,932,918.95
7420,932,916.09
7421,932,906.18
7422,932,913.45
7423,932,905.0
7424,932,926.65
7425,932,916.21
7426,932,912.27
7427,932,916.45
7428,932,922.93
7429,932,915.72
7430,932,914.86
7431,932,916.12
7432,932,906.69
7433,932,913.02
7434,932,914.59
7435,932,921.41
7436,932,912.72
7437,932,910.34
7438,932,925.16
7439,932,916.35
7440,932,907.09
7441,932,914.21
7442,932,909.7
7443,932,911.82
7444,932,908.05
7445,932,916.43
7446,932,920.66
7447,932,907.0
7448,932,911.0
7449,932,921.32
7450,932,909.52
7451,932,914.1
7452,932,910.02
7453,932,911.81
7454,932,905.8
7455,932,919.31
7456,932,894.8
7457,932,911.77
7458,932,912.85
7459,932,914.26
7460,932,912.55
7461,932,907.08
7462,932,921.72
7463,932,922.78
7464,932,914.46
7465,932,912.27
7466,932,925.46
7467,932,913.38
7468,932,911.69
7469,932,919.49
7470,932,905.74
7471,932,910.66
7472,932,898.74
7473,932,915.83
7474,932,915.15
7475,932,917.5
7476,932,901.15
7477,932,911.12
7478,932,920.69
7479,932,916.69
7480,932,908.31
7481,932,916.37
7482,932,925.81
7483,932,923.76
7484,932,923.57
7485,932,913.01
7486,932,914.99
7487,932,914.87
7488,932,917.93
7489,932,918.65
7490,932,916.66
7491,932,913.88
7492,932,913.92
7493,932,922.85
7494,932,917.3
7495,932,902.73
7496,932,911.97
7497,932,918.71
7498,932,898.34
7499,932,897.23
7500,932,906.41
7501,932,917.74
7502,932,908.73
7503,932,910.17
7504,932,918.14
7505,932,916.25
7506,932,914.0
7507,932,917.04
7508,932,915.6
7509,932,918.96
7510,932,911.05
7511,932,904.0
7512,932,916.72
7513,932,919.22
7514,932,918.59
7515,932,917.26
7516,932,921.74
7517,932,907.56
7518,932,910.46
7519,932,908.8
7520,932,920.69
7521,932,891.98
7522,932,909.62
7523,932,920.31
7524,932,902.03
7525,932,918.78
7526,932,908.16
7527,932,923.44
7528,932,919.82
7529,932,904.96
7530,932,905.35
7531,932,917.94
7532,932,907.21
7533,932,914.88
7534,932,922.44
7535,932,904.39
7536,932,913.7
7537,932,916.61
7538,932,906.24
7539,932,912.52
7540,932,906.88
7541,932,894.51
7542,932,920.29
7543,932,905.58
7544,932,907.15
7545,932,913.7
7546,932,899.96
7547,932,899.43
7548,932,906.79
7549,932,910.3
7550,932,919.08
7551,932,918.08
7552,932,905.12
7553,932,897.43
7554,932,908.57
7555,932,916.19
7556,932,913.28
7557,932,914.36
7558,932,911.6
7559,932,917.36
7560,932,913.96
7561,932,910.88
7562,932,912.18
7563,932,921.53
7564,932,919.07
7565,932,924.67
7566,932,899.68
7567,932,919.6
7568,932,917.84
7569,932,919.03
7570,932,911.56
7571,932,905.58
7572,932,913.55
7573,932,919.41
7574,932,915.85
7575,932,910.79
7576,932,916.55
7577,932,904.32
7578,932,917.29
7579,932,911.16
7580,932,903.01
7581,932,903.05
7582,932,919.79
7583,932,903.19
7584,932,912.1
7585,932,923.76
7586,932,911.96
7587,932,919.59
7588,932,925.5
7589,932,908.03
7590,932,920.01
7591,932,912.69
7592,932,911.89
7593,932,917.06
7594,932,910.91
7595,932,918.3
7596,932,917.11
7597,932,915.76
7598,932,918.9
7599,932,923.22
7600,932,908.61
7601,932,907.01
7602,932,905.44
7603,932,913.68
7604,932,918.22
7605,932,928.96
7606,932,902.81
7607,932,920.66
7608,932,907.86
7609,932,914.83
7610,932,905.54
7611,932,907.9
7612,932,912.52
7613,932,913.7
7614,932,916.02
7615,932,925.86
7616,932,920.24
7617,932,914.47
7618,932,917.58
7619,932,915.28
7620,932,908.85
7621,932,918.75
7622,932,918.73
7623,932,916.09
7624,932,910.52
7625,932,919.11
7626,932,914.97
7627,932,914.64
7628,932,900.9
7629,932,922.65
7630,932,919.33
7631,932,921.24
7632,932,914.05
7633,932,911.67
7634,932,908.27
7635,932,914.06
7636,932,910.82
7637,932,903.86
7638,932,913.29
7639,932,920.73
7640,932,916.22
7641,932,915.18
7642,932,906.09
7643,932,906.66
7644,932,917.34
7645,932,909.82
7646,932,911.58
7647,932,905.21
7648,932,916.21
7649,932,913.5
7650,932,921.82
7651,932,922.57
7652,932,916.63
7653,932,913.86
7654,932,895.32
7655,932,919.41
7656,932,914.66
7657,932,916.47
7658,932,912.35
7659,932,917.15
7660,932,918.79
7661,932,911.8
7662,932,914.69
7663,932,919.56
7664,932,917.52
7665,932,901.04
7666,932,917.72
7667,932,915.86
7668,932,917.89
7669,932,920.25
7670,932,920.15
7671,932,917.38
7672,932,903.91
7673,932,919.1
7674,932,899.94
7675,932,893.87
7676,932,917.02
7677,932,912.43
7678,932,904.46
7679,932,917.34
7680,932,920.23
7681,932,917.47
7682,932,906.5
7683,932,924.16
7684,932,918.2
7685,932,915.85
7686,932,920.08
7687,932,907.1
7688,932,919.08
7689,932,912.54
7690,932,919.83
7691,932,918.62
7692,932,918.64
7693,932,918.79
7694,932,919.48
7695,932,893.8
7696,932,905.47
7697,932,917.34
7698,932,918.17
7699,932,907.81
7700,932,921.75
7701,932,917.93
7702,932,921.5
7703,932,907.72
7704,932,911.35
7705,932,922.09
7706,932,917.71
7707,932,911.97
7708,932,918.81
7709,932,913.59
7710,932,918.05
7711,932,911.99
7712,932,914.91
7713,932,923.55
7714,932,913.71
7715,932,922.51
7716,932,908.98
7717,932,904.23
7718,932,908.22
7719,932,902.36
7720,932,907.01
7721,932,912.39
7722,932,912.24
7723,932,907.89
7724,932,907.86
7725,932,917.0
7726,932,907.28
7727,932,923.17
7728,932,916.9
7729,932,911.63
7730,932,904.32
7731,932,916.08
7732,932,915.96
7733,932,912.96
7734,932,921.76
7735,932,913.11
7736,932,913.86
7737,932,917.99
7738,932,905.77
7739,932,900.04
7740,932,914.51
7741,932,913.19
7742,932,920.14
7743,932,909.43
7744,932,916.53
7745,932,908.2
7746,932,922.73
7747,932,921.19
7748,932,920.07
7749,932,910.36
7750,932,912.44
7751,932,909.01
7752,932,906.2
7753,932,910.84
7754,932,911.93
7755,932,897.37
7756,932,917.79
7757,932,906.68
7758,932,905.91
7759,932,920.24
7760,932,919.66
7761,932,913.19
7762,932,910.22
7763,932,910.49
7764,932,914.28
7765,932,915.12
7766,932,910.16
7767,932,919.0
7768,932,913.09
7769,932,915.91
7770,932,920.21
7771,932,905.38
7772,932,921.66
7773,932,911.23
7774,932,918.39
7775,932,908.83
7776,932,921.26
7777,932,901.85
7778,932,914.67
7779,932,921.32
7780,932,915.23
7781,932,908.51
7782,932,892.98
7783,932,920.77
7784,932,919.91
7785,932,918.18
7786,932,921.76
7787,932,913.26
7788,932,907.64
7789,932,912.98
7790,932,916.41
7791,932,911.31
7792,932,926.44
7793,932,907.85
7794,932,917.63
7795,932,925.86
7796,932,915.55
7797,932,917.24
7798,932,909.39
7799,932,920.17
7800,932,910.69
7801,932,912.79
7802,932,917.11
7803,932,917.95
7804,932,911.51
7805,932,917.26
7806,932,913.83
7807,932,910.3
7808,932,907.57
7809,932,919.43
7810,932,899.8
7811,932,910.22
7812,932,903.86
7813,932,909.3
7814,932,912.97
7815,932,916.59
7816,932,909.07
7817,932,922.63
7818,932,910.32
7819,932,919.75
7820,932,919.1
7821,932,915.52
7822,932,917.44
7823,932,909.23
7824,932,918.39
7825,932,914.35
7826,932,904.0
7827,932,915.17
7828,932,908.3
7829,932,916.85
7830,932,917.6
7831,932,903.65
7832,932,921.43
7833,932,913.12
7834,932,908.05
7835,932,920.75
7836,932,908.13
7837,932,918.75
7838,932,916.86
7839,932,906.29
7840,932,913.92
7841,932,902.59
7842,932,905.76
7843,932,906.35
7844,932,915.29
7845,932,916.22
7846,932,914.48
7847,932,898.54
7848,932,907.76
7849,932,921.48
7850,932,912.62
7851,932,911.58
7852,932,915.98
7853,932,913.69
7854,932,916.95
7855,932,919.52
7856,932,912.74
7857,932,912.45
7858,932,924.54
7859,932,907.51
7860,932,913.35
7861,932,924.58
7862,932,922.4
7863,932,915.9
7864,932,918.83
7865,932,917.79
7866,932,914.89
7867,932,910.31
7868,932,913.57
7869,932,921.72
7870,932,925.26
7871,932,904.81
7872,932,897.01
7873,932,915.78
7874,932,911.92
7875,932,894.83
7876,932,910.43
7877,932,919.99
7878,932,922.6
7879,932,917.49
7880,932,915.14
7881,932,901.31
7882,932,912.15
7883,932,904.24
7884,932,902.3
7885,932,905.94
7886,932,912.06
7887,932,914.5
7888,932,904.18
7889,932,919.91
7890,932,924.01
7891,932,911.26
7892,932,902.88
7893,932,904.73
7894,932,907.1
7895,932,917.0
7896,932,911.51
7897,932,912.21
7898,932,920.48
7899,932,919.56
7900,932,914.77
7901,932,919.61
7902,932,924.51
7903,932,915.43
7904,932,919.88
7905,932,920.31
7906,932,909.16
7907,932,925.82
7908,932,909.81
7909,932,920.76
7910,932,918.81
7911,932,918.92
7912,932,909.5
7913,932,924.98
7914,932,910.76
7915,932,906.03
7916,932,909.5
7917,932,906.48
7918,932,917.59
7919,932,915.39
7920,932,916.27
7921,932,922.51
7922,932,902.78
7923,932,915.87
7924,932,909.01
7925,932,909.41
7926,932,914.2
7927,932,921.16
7928,932,916.64
7929,932,910.26
7930,932,917.46
7931,932,917.8
7932,932,901.16
7933,932,912.3
7934,932,918.07
7935,932,913.44
7936,932,917.49
7937,932,912.87
7938,932,914.65
7939,932,912.38
7940,932,906.68
7941,932,907.57
7942,932,912.89
7943,932,925.86
7944,932,919.28
7945,932,912.43
7946,932,900.87
7947,932,914.36
7948,932,925.73
7949,932,912.99
7950,932,896.49
7951,932,902.74
7952,932,915.41
7953,932,918.88
7954,932,909.9
7955,932,912.56
7956,932,902.28
7957,932,893.1
7958,932,907.17
7959,932,906.54
7960,932,900.2
7961,932,922.58
7962,932,913.96
7963,932,906.34
7964,932,921.7
7965,932,912.62
7966,932,915.22
7967,932,925.97
7968,932,910.89
7969,932,911.88
7970,932,909.28
7971,932,905.45
7972,932,910.73
7973,932,906.11
7974,932,910.98
7975,932,900.1
7976,932,917.69
7977,932,916.36
7978,932,909.83
7979,932,900.29
7980,932,911.52
7981,932,917.91
7982,932,905.9
7983,932,899.82
7984,932,929.02
7985,932,896.84
7986,932,915.69
7987,932,905.71
7988,932,904.21
7989,932,922.21
7990,932,912.89
7991,932,895.05
7992,932,925.14
7993,932,919.6
7994,932,916.17
7995,932,921.45
7996,932,920.3
7997,932,918.55
7998,932,902.96
7999,932,916.12
8000,932,911.01
8001,932,915.68
8002,932,916.62
8003,932,920.5
8004,932,904.6
8005,932,921.58
8006,932,915.83
8007,932,910.1
8008,932,911.56
8009,932,906.59
8010,932,903.98
8011,932,908.85
8012,932,914.6
8013,932,919.62
8014,932,914.58
8015,932,906.58
8016,932,909.9
8017,932,913.28
8018,932,918.27
8019,932,915.16
8020,932,917.47
8021,932,906.46
8022,932,923.17
8023,932,918.26
8024,932,907.68
8025,932,922.39
8026,932,911.08
8027,932,915.73
8028,932,921.14
8029,932,902.06
8030,932,907.94
8031,932,908.75
8032,932,907.07
8033,932,910.06
8034,932,908.37
8035,932,921.41
8036,932,904.48
8037,932,917.44
8038,932,915.51
8039,932,921.68
8040,932,917.78
8041,932,915.17
8042,932,913.03
8043,932,916.5
8044,932,911.39
8045,932,912.12
8046,932,915.67
8047,932,907.1
8048,932,908.22
8049,932,915.1
8050,932,917.8
8051,932,907.93
8052,932,915.15
8053,932,902.94
8054,932,919.09
8055,932,910.13
8056,932,908.34
8057,932,914.56
8058,932,909.31
8059,932,921.42
8060,932,923.84
8061,932,912.91
8062,932,921.8
8063,932,917.31
8064,932,919.71
8065,932,917.09
8066,932,908.72
8067,932,905.3
8068,932,917.71
8069,932,912.26
8070,932,920.51
8071,932,923.16
8072,932,907.5
8073,932,919.82
8074,932,923.19
8075,932,922.87
8076,932,911.01
8077,932,909.23
8078,932,900.39
8079,932,907.12
8080,932,915.98
8081,932,920.96
8082,932,916.42
8083,932,904.91
8084,932,915.11
8085,932,911.8
8086,932,921.84
8087,932,907.52
8088,932,895.14
8089,932,909.16
8090,932,916.22
8091,932,904.07
8092,932,915.4
8093,932,913.23
8094,932,908.3
8095,932,918.0
8096,932,900.7
8097,932,917.69
8098,932,910.86
8099,932,913.75
8100,932,907.16
8101,932,919.53
8102,932,908.81
8103,932,910.42
8104,932,896.24
8105,932,907.51
8106,932,925.55
8107,932,915.15
8108,932,916.81
8109,932,908.99
8110,932,915.0
8111,932,924.69
8112,932,917.3
8113,932,904.65
8114,932,909.68
8115,932,903.17
8116,932,924.87
8117,932,904.8
8118,932,900.16
8119,932,921.13
8120,932,902.65
8121,932,914.65
8122,932,920.72
8123,932,904.8
8124,932,908.67
8125,932,918.64
8126,932,915.6
8127,932,909.39
8128,932,914.94
8129,932,911.38
8130,932,914.12
8131,932,922.49
8132,932,916.16
8133,932,914.45
8134,932,924.99
8135,932,908.31
8136,932,923.18
8137,932,893.95
8138,932,911.41
8139,932,915.94
8140,932,909.74
8141,932,909.5
8142,932,912.47
8143,932,921.57
8144,932,915.48
8145,932,907.96
8146,932,904.51
8147,932,921.96
8148,932,920.75
8149,932,911.65
8150,932,914.54
8151,932,915.62
8152,932,913.69
8153,932,918.93
8154,932,913.31
8155,932,909.79
8156,932,911.76
8157,932,912.24
8158,932,916.2
8159,932,910.31
8160,932,913.57
8161,932,899.44
8162,932,921.24
8163,932,911.59
8164,932,915.71
8165,932,912.98
8166,932,914.94
8167,932,906.51
8168,932,914.48
8169,932,912.3
8170,932,912.74
8171,932,927.65
8172,932,909.46
8173,932,912.53
8174,932,922.25
8175,932,915.08
8176,932,912.94
8177,932,904.35
8178,932,916.09
8179,932,919.43
8180,932,910.74
8181,932,913.81
8182,932,909.36
8183,932,895.09
8184,932,910.87
8185,932,918.95
8186,932,909.85
8187,932,919.9
8188,932,919.2
8189,932,913.61
8190,932,905.69
8191,932,913.17
8192,932,908.85
8193,932,909.43
8194,932,906.64
8195,932,925.56
8196,932,913.24
8197,932,910.46
8198,932,913.58
8199,932,910.69
8200,932,906.6
8201,932,909.42
8202,932,918.29
8203,932,903.44
8204,932,898.11
8205,932,922.83
8206,932,911.97
8207,932,901.39
8208,932,917.58
8209,932,914.21
8210,932,910.07
8211,932,910.34
8212,932,918.4
8213,932,907.27
8214,932,908.07
8215,932,899.55
8216,932,916.43
8217,932,915.94
8218,932,909.03
8219,932,917.29
8220,932,922.22
8221,932,907.63
8222,932,894.42
8223,932,922.27
8224,932,914.61
8225,932,915.19
8226,932,913.84
8227,932,913.68
8228,932,911.51
8229,932,918.61
8230,932,914.67
8231,932,904.44
8232,932,917.84
8233,932,922.27
8234,932,916.52
8235,932,917.17
8236,932,904.76
8237,932,922.09
8238,932,911.19
8239,932,921.04
8240,932,914.86
8241,932,916.72
8242,932,915.22
8243,932,914.32
8244,932,912.08
8245,932,924.55
8246,932,915.63
8247,932,914.97
8248,932,900.88
8249,932,914.48
8250,932,921.5
8251,932,910.74
8252,932,920.7
8253,932,913.38
8254,932,915.86
8255,932,909.15
8256,932,918.15
8257,932,915.2
8258,932,919.49
8259,932,921.08
8260,932,916.61
8261,932,907.79
8262,932,916.82
8263,932,912.23
8264,932,917.09
8265,932,914.29
8266,932,914.67
8267,932,910.24
8268,932,913.65
8269,932,927.0
8270,932,916.05
8271,932,905.51
8272,932,922.82
8273,932,917.75
8274,932,900.49
8275,932,913.81
8276,932,913.67
8277,932,898.31
8278,932,906.9
8279,932,917.94
8280,932,916.53
8281,932,915.31
8282,932,919.01
8283,932,921.98
8284,932,915.23
8285,932,908.72
8286,932,916.93
8287,932,910.15
8288,932,911.74
8289,932,923.12
8290,932,909.42
8291,932,912.21
8292,932,903.35
8293,932,918.28
8294,932,922.45
8295,932,912.89
8296,932,908.54
8297,932,906.43
8298,932,907.9
8299,932,914.93
8300,932,912.3
8301,932,913.95
8302,932,908.83
8303,932,919.23
8304,932,902.88
8305,932,914.65
8306,932,901.17
8307,932,916.48
8308,932,905.44
8309,932,912.26
8310,932,904.45
8311,932,923.89
8312,932,921.14
8313,932,912.15
8314,932,910.04
8315,932,916.93
8316,932,917.8
8317,932,914.38
8318,932,911.35
8319,932,918.64
8320,932,917.39
8321,932,912.68
8322,932,913.59
8323,932,913.96
8324,932,918.32
8325,932,912.79
8326,932,917.18
8327,932,920.41
8328,932,898.7
8329,932,909.27
8330,932,897.99
8331,932,911.15
8332,932,907.36
8333,932,907.73
8334,932,902.45
8335,932,910.14
8336,932,902.72
8337,932,909.12
8338,932,914.64
8339,932,917.1
8340,932,911.16
8341,932,920.57
8342,932,917.86
8343,932,914.3
8344,932,917.47
8345,932,923.23
8346,932,915.35
8347,932,910.56
8348,932,926.06
8349,932,908.66
8350,932,907.63
8351,932,921.5
8352,932,917.29
8353,932,922.27
8354,932,908.82
8355,932,885.1
8356,932,891.87
8357,932,912.4
8358,932,910.09
8359,932,924.0
8360,932,914.55
8361,932,904.18
8362,932,921.27
8363,932,905.78
8364,932,922.06
8365,932,916.64
8366,932,900.11
8367,932,904.71
8368,932,917.37
8369,932,919.18
8370,932,913.26
8371,932,915.41
8372,932,915.29
8373,932,897.97
8374,932,923.52
8375,932,905.24
8376,932,917.78
8377,932,914.44
8378,932,911.04
8379,932,923.76
8380,932,916.63
8381,932,920.9
8382,932,898.58
8383,932,910.44
8384,932,911.5
8385,932,898.18
8386,932,924.58
8387,932,919.56
8388,932,914.19
8389,932,916.51
8390,932,924.95
8391,932,910.38
8392,932,918.95
8393,932,913.67
8394,932,916.37
8395,932,919.85
8396,932,927.71
8397,932,916.27
8398,932,915.42
8399,932,924.99
8400,932,912.76
8401,932,917.43
8402,932,915.92
8403,932,908.81
8404,932,909.05
8405,932,909.28
8406,932,909.81
8407,932,922.77
8408,932,915.83
8409,932,913.34
8410,932,918.09
8411,932,911.54
8412,932,916.58
8413,932,908.79
8414,932,918.34
8415,932,903.76
8416,932,920.67
8417,932,920.44
8418,932,918.59
8419,932,907.04
8420,932,924.49
8421,932,899.11
8422,932,911.47
8423,932,915.14
8424,932,925.82
8425,932,920.35
8426,932,908.2
8427,932,904.5
8428,932,915.84
8429,932,915.08
8430,932,903.04
8431,932,915.96
8432,932,909.05
8433,932,911.48
8434,932,915.27
8435,932,915.9
8436,932,921.9
8437,932,888.88
8438,932,906.14
8439,932,918.58
8440,932,913.0
8441,932,917.02
8442,932,919.05
8443,932,906.58
8444,932,916.85
8445,932,899.54
8446,932,910.3
8447,932,912.96
8448,932,890.97
8449,932,907.17
8450,932,916.92
8451,932,915.84
8452,932,913.91
8453,932,918.94
8454,932,908.14
8455,932,914.98
8456,932,904.2
8457,932,916.13
8458,932,909.95
8459,932,912.72
8460,932,911.24
8461,932,917.53
8462,932,922.02
8463,932,917.57
8464,932,922.01
8465,932,915.84
8466,932,924.26
8467,932,905.4
8468,932,917.24
8469,932,912.36
8470,932,908.99
8471,932,911.28
8472,932,907.85
8473,932,924.79
8474,932,914.48
8475,932,912.29
8476,932,922.36
8477,932,915.15
8478,932,917.56
8479,932,898.49
8480,932,909.25
8481,932,908.88
8482,932,915.23
8483,932,910.58
8484,932,909.15
8485,932,920.3
8486,932,911.5
8487,932,909.33
8488,932,908.53
8489,932,922.59
8490,932,911.9
8491,932,910.38
8492,932,915.7
8493,932,915.42
8494,932,919.21
8495,932,912.09
8496,932,914.7
8497,932,908.86
8498,932,920.64
8499,932,906.53
8500,932,906.38
8501,932,904.18
8502,932,919.38
8503,932,904.56
8504,932,917.23
8505,932,909.07
8506,932,901.57
8507,932,914.61
8508,932,907.12
8509,932,911.65
8510,932,906.3
8511,932,906.18
8512,932,915.22
8513,932,913.49
8514,932,918.72
8515,932,908.64
8516,932,916.28
8517,932,915.71
8518,932,917.24
8519,932,911.48
8520,932,915.65
8521,932,909.82
8522,932,917.07
8523,932,924.15
8524,932,922.31
8525,932,920.1
8526,932,900.9
8527,932,923.78
8528,932,915.59
8529,932,921.27
8530,932,913.74
8531,932,914.87
8532,932,915.39
8533,932,908.87
8534,932,905.36
8535,932,910.57
8536,932,911.15
8537,932,924.99
8538,932,905.23
8539,932,921.07
8540,932,910.82
8541,932,904.73
8542,932,899.09
8543,932,918.39
8544,932,908.57
8545,932,916.13
8546,932,913.85
8547,932,908.11
8548,932,920.32
8549,932,915.56
8550,932,897.42
8551,932,922.19
8552,932,912.44
8553,932,912.91
8554,932,912.47
8555,932,922.49
8556,932,918.72
8557,932,917.56
8558,932,916.12
8559,932,909.64
8560,932,911.91
8561,932,926.48
8562,932,914.9
8563,932,914.15
8564,932,917.74
8565,932,918.56
8566,932,912.4
8567,932,914.31
8568,932,907.18
8569,932,915.96
8570,932,916.16
8571,932,899.95
8572,932,914.45
8573,932,895.46
8574,932,907.47
8575,932,924.65
8576,932,916.22
8577,932,899.94
8578,932,907.63
8579,932,897.21
8580,932,919.68
8581,932,902.9
8582,932,908.8
8583,932,919.87
8584,932,915.12
8585,932,907.2
8586,932,911.33
8587,932,920.06
8588,932,900.05
8589,932,921.47
8590,932,916.84
8591,932,912.04
8592,932,911.32
8593,932,920.75
8594,932,923.55
8595,932,917.74
8596,932,911.93
8597,932,896.57
8598,932,917.12
8599,932,910.12
8600,932,911.8
8601,932,921.19
8602,932,913.54
8603,932,915.91
8604,932,907.39
8605,932,918.86
8606,932,908.3
8607,932,919.22
8608,932,910.08
8609,932,912.27
8610,932,914.18
8611,932,914.38
8612,932,922.63
8613,932,901.07
8614,932,918.35
8615,932,910.18
8616,932,923.7
8617,932,921.41
8618,932,919.65
8619,932,923.16
8620,932,918.91
8621,932,908.72
8622,932,922.56
8623,932,906.66
8624,932,917.2
8625,932,896.23
8626,932,905.8
8627,932,909.19
8628,932,901.25
8629,932,912.74
8630,932,914.94
8631,932,919.27
8632,932,907.62
8633,932,914.17
8634,932,915.49
8635,932,914.06
8636,932,916.77
8637,932,914.33
8638,932,916.25
8639,932,908.55
8640,932,919.8
8641,932,905.29
8642,932,922.35
8643,932,914.01
8644,932,922.84
8645,932,904.59
8646,932,903.57
8647,932,896.94
8648,932,917.55
8649,932,919.6
8650,932,896.88
8651,932,899.59
8652,932,920.55
8653,932,919.1
8654,932,915.17
8655,932,916.57
8656,932,914.21
8657,932,917.98
8658,932,916.4
8659,932,908.3
8660,932,913.05
8661,932,912.52
8662,932,918.74
8663,932,922.76
8664,932,909.32
8665,932,916.84
8666,932,920.47
8667,932,917.32
8668,932,914.28
8669,932,913.21
8670,932,912.27
8671,932,905.2
8672,932,902.29
8673,932,925.92
8674,932,904.2
8675,932,897.4
8676,932,912.25
8677,932,900.45
8678,932,912.88
8679,932,903.12
8680,932,917.17
8681,932,915.49
8682,932,892.39
8683,932,893.0
8684,932,914.81
8685,932,912.88
8686,932,916.92
8687,932,894.01
8688,932,910.47
8689,932,883.57
8690,932,911.55
8691,932,924.04
8692,932,917.28
8693,932,920.81
8694,932,920.8
8695,932,912.42
8696,932,902.49
8697,932,917.95
8698,932,910.61
8699,932,891.89
8700,932,905.88
8701,932,911.81
8702,932,918.01
8703,932,917.6
8704,932,908.7
8705,932,914.68
8706,932,916.84
8707,932,907.57
8708,932,921.61
8709,932,902.32
8710,932,921.16
8711,932,911.87
8712,932,903.17
8713,932,923.81
8714,932,920.12
8715,932,914.3
8716,932,911.03
8717,932,920.62
8718,932,915.34
8719,932,915.22
8720,932,906.78
8721,932,921.01
8722,932,909.99
8723,932,916.67
8724,932,911.38
8725,932,915.23
8726,932,901.9
8727,932,912.75
8728,932,917.08
8729,932,916.58
8730,932,908.15
8731,932,905.55
8732,932,913.34
8733,932,921.79
8734,932,910.52
8735,932,911.72
8736,932,910.06
8737,932,913.52
8738,932,907.7
8739,932,926.43
8740,932,911.78
8741,932,911.83
8742,932,919.88
8743,932,912.64
8744,932,915.53
8745,932,920.41
8746,932,922.11
8747,932,906.5
8748,932,915.76
8749,932,918.52
8750,932,909.01
8751,932,915.59
8752,932,926.38
8753,932,908.15
8754,932,913.41
8755,932,900.81
8756,932,914.74
8757,932,913.05
8758,932,910.33
8759,932,916.48
8760,932,906.9
8761,932,921.43
8762,932,916.17
8763,932,919.85
8764,932,909.69
8765,932,910.34
8766,932,909.98
8767,932,909.48
8768,932,910.88
8769,932,900.32
8770,932,913.21
8771,932,925.65
8772,932,917.06
8773,932,914.15
8774,932,922.32
8775,932,914.2
8776,932,913.35
8777,932,911.84
8778,932,913.5
8779,932,915.35
8780,932,906.23
8781,932,927.02
8782,932,916.07
8783,932,916.07
8784,932,908.45
8785,932,899.84
8786,932,919.87
8787,932,904.4
8788,932,916.83
8789,932,904.11
8790,932,907.41
8791,932,921.13
8792,932,905.78
8793,932,907.46
8794,932,912.0
8795,932,908.76
8796,932,909.6
8797,932,915.78
8798,932,908.44
8799,932,919.71
8800,932,914.57
8801,932,910.33
8802,932,898.86
8803,932,915.51
8804,932,912.2
8805,932,912.59
8806,932,918.47
8807,932,914.98
8808,932,912.43
8809,932,922.42
8810,932,909.52
8811,932,912.4
8812,932,917.98
8813,932,921.63
8814,932,917.81
8815,932,912.45
8816,932,924.22
8817,932,918.0
8818,932,907.65
8819,932,907.9
8820,932,907.79
8821,932,917.28
8822,932,917.36
8823,932,914.4
8824,932,910.48
8825,932,909.95
8826,932,910.43
8827,932,927.08
8828,932,911.17
8829,932,917.6
8830,932,916.67
8831,932,915.88
8832,932,922.34
8833,932,919.82
8834,932,924.64
8835,932,902.69
8836,932,914.44
8837,932,905.7
8838,932,924.14
8839,932,907.08
8840,932,918.36
8841,932,915.04
8842,932,915.45
8843,932,909.81
8844,932,903.86
8845,932,909.16
8846,932,916.62
8847,932,893.62
8848,932,915.06
8849,932,913.93
8850,932,925.3
8851,932,913.81
8852,932,903.44
8853,932,912.7
8854,932,909.3
8855,932,918.08
8856,932,916.03
8857,932,914.5
8858,932,923.0
8859,932,912.42
8860,932,905.86
8861,932,904.41
8862,932,909.99
8863,932,911.72
8864,932,913.86
8865,932,919.76
8866,932,919.53
8867,932,918.67
8868,932,911.58
8869,932,907.82
8870,932,911.19
8871,932,908.28
8872,932,909.46
8873,932,914.16
8874,932,910.73
8875,932,912.75
8876,932,911.9
8877,932,919.17
8878,932,912.71
8879,932,908.92
8880,932,910.15
8881,932,910.68
8882,932,914.64
8883,932,915.57
8884,932,909.58
8885,932,914.16
8886,932,903.45
8887,932,909.16
8888,932,918.95
8889,932,909.58
8890,932,904.28
8891,932,916.17
8892,932,896.35
8893,932,897.94
8894,932,912.7
8895,932,918.66
8896,932,909.82
8897,932,912.12
8898,932,918.83
8899,932,920.6
8900,932,909.29
8901,932,921.71
8902,932,908.23
8903,932,903.26
8904,932,909.36
8905,932,914.35
8906,932,919.29
8907,932,915.7
8908,932,922.34
8909,932,911.22
8910,932,920.95
8911,932,902.46
8912,932,923.61
8913,932,924.09
8914,932,901.94
8915,932,913.71
8916,932,909.08
8917,932,920.96
8918,932,919.13
8919,932,908.69
8920,932,924.46
8921,932,912.39
8922,932,925.95
8923,932,908.89
8924,932,920.32
8925,932,920.42
8926,932,919.35
8927,932,924.62
8928,932,913.84
8929,932,892.31
8930,932,904.27
8931,932,913.01
8932,932,913.11
8933,932,923.8
8934,932,904.89
8935,932,904.47
8936,932,898.79
8937,932,912.2
8938,932,904.23
8939,932,909.14
8940,932,921.19
8941,932,910.95
8942,932,930.0
8943,932,915.71
8944,932,909.61
8945,932,907.34
8946,932,920.67
8947,932,916.38
8948,932,912.33
8949,932,900.76
8950,932,915.33
8951,932,907.34
8952,932,918.12
8953,932,906.85
8954,932,916.27
8955,932,921.33
8956,932,899.96
8957,932,918.42
8958,932,912.37
8959,932,917.59
8960,932,905.82
8961,932,908.92
8962,932,898.05
8963,932,903.21
8964,932,911.62
8965,932,929.38
8966,932,905.52
8967,932,917.13
8968,932,902.5
8969,932,908.96
8970,932,914.5
8971,932,914.51
8972,932,900.03
8973,932,897.55
8974,932,912.34
8975,932,911.06
8976,932,907.26
8977,932,921.34
8978,932,916.12
8979,932,919.48
8980,932,918.91
8981,932,915.12
8982,932,917.07
8983,932,920.55
8984,932,913.17
8985,932,910.55
8986,932,911.87
8987,932,914.59
8988,932,917.51
8989,932,910.54
8990,932,913.49
8991,932,914.99
8992,932,919.82
8993,932,921.62
8994,932,921.34
8995,932,916.39
8996,932,923.02
8997,932,911.5
8998,932,911.33
8999,932,918.31
9000,932,915.49
9001,932,919.84
9002,932,911.48
9003,932,921.18
9004,932,918.35
9005,932,905.51
9006,932,917.12
9007,932,913.1
9008,932,916.73
9009,932,903.6
9010,932,924.9
9011,932,922.22
9012,932,921.36
9013,932,903.27
9014,932,915.21
9015,932,911.52
9016,932,915.1
9017,932,913.72
9018,932,914.04
9019,932,913.19
9020,932,909.04
9021,932,906.67
9022,932,913.5
9023,932,919.61
9024,932,914.19
9025,932,905.43
9026,932,914.73
9027,932,908.74
9028,932,905.48
9029,932,902.4
9030,932,915.99
9031,932,917.22
9032,932,921.12
9033,932,916.38
9034,932,909.58
9035,932,908.41
9036,932,909.29
9037,932,914.91
9038,932,916.39
9039,932,918.59
9040,932,913.82
9041,932,915.12
9042,932,904.47
9043,932,927.28
9044,932,918.22
9045,932,899.28
9046,932,911.4
9047,932,904.94
9048,932,914.24
9049,932,903.57
9050,932,916.71
9051,932,918.4
9052,932,917.91
9053,932,914.54
9054,932,916.93
9055,932,905.54
9056,932,921.06
9057,932,900.4
9058,932,907.37
9059,932,907.01
9060,932,914.88
9061,932,904.35
9062,932,897.88
9063,932,912.18
9064,932,918.22
9065,932,914.98
9066,932,907.38
9067,932,907.24
9068,932,914.12
9069,932,914.11
9070,932,914.76
9071,932,912.91
9072,932,907.76
9073,932,927.44
9074,932,897.59
9075,932,904.31
9076,932,912.89
9077,932,901.77
9078,932,905.13
9079,932,912.46
9080,932,913.67
9081,932,920.52
9082,932,910.24
9083,932,912.44
9084,932,915.08
9085,932,916.59
9086,932,914.55
9087,932,910.33
9088,932,916.13
9089,932,916.36
9090,932,910.64
9091,932,923.07
9092,932,916.25
9093,932,918.07
9094,932,916.38
9095,932,912.26
9096,932,910.65
9097,932,922.95
9098,932,916.24
9099,932,915.48
9100,932,907.14
9101,932,914.79
9102,932,908.97
9103,932,913.58
9104,932,907.32
9105,932,911.63
9106,932,915.65
9107,932,917.11
9108,932,916.94
9109,932,916.4
9110,932,919.99
9111,932,910.42
9112,932,889.85
9113,932,903.17
9114,932,913.61
9115,932,917.73
9116,932,920.81
9117,932,918.11
9118,932,912.91
9119,932,902.9
9120,932,916.16
9121,932,896.94
9122,932,919.7
9123,932,903.22
9124,932,909.6
9125,932,916.51
9126,932,920.44
9127,932,913.63
9128,932,907.44
9129,932,905.92
9130,932,917.99
9131,932,908.52
9132,932,919.0
9133,932,913.15
9134,932,926.12
9135,932,916.25
9136,932,915.98
9137,932,912.9
9138,932,918.11
9139,932,907.41
9140,932,915.29
9141,932,924.09
9142,932,912.79
9143,932,909.3
9144,932,913.18
9145,932,911.46
9146,932,923.44
9147,932,905.03
9148,932,919.45
9149,932,906.85
9150,932,911.43
9151,932,911.03
9152,932,916.28
9153,932,907.49
9154,932,912.76
9155,932,917.55
9156,932,908.05
9157,932,917.91
9158,932,915.67
9159,932,919.28
9160,932,917.15
9161,932,910.99
9162,932,912.83
9163,932,921.43
9164,932,909.05
9165,932,916.29
9166,932,912.42
9167,932,922.73
9168,932,926.11
9169,932,890.36
9170,932,925.66
9171,932,898.15
9172,932,904.08
9173,932,911.99
9174,932,914.66
9175,932,918.58
9176,932,907.5
9177,932,920.51
9178,932,917.68
9179,932,914.49
9180,932,905.72
9181,932,926.58
9182,932,910.11
9183,932,904.41
9184,932,926.3
9185,932,916.54
9186,932,922.17
9187,932,913.53
9188,932,905.01
9189,932,922.31
9190,932,927.63
9191,932,913.54
9192,932,914.61
9193,932,899.87
9194,932,913.59
9195,932,923.11
9196,932,919.94
9197,932,912.54
9198,932,909.84
9199,932,921.96
9200,932,917.55
9201,932,887.15
9202,932,918.37
9203,932,908.02
9204,932,918.36
9205,932,918.44
9206,932,914.15
9207,932,904.24
9208,932,919.24
9209,932,899.12
9210,932,909.33
9211,932,909.5
9212,932,909.66
9213,932,904.15
9214,932,897.0
9215,932,915.54
9216,932,908.02
9217,932,917.5
9218,932,927.12
9219,932,912.41
9220,932,909.08
9221,932,901.63
9222,932,906.34
9223,932,905.0
9224,932,899.27
9225,932,917.11
9226,932,906.19
9227,932,913.94
9228,932,919.32
9229,932,897.03
9230,932,908.06
9231,932,906.16
9232,932,916.61
9233,932,921.15
9234,932,908.77
9235,932,889.72
9236,932,897.53
9237,932,906.9
9238,932,921.28
9239,932,918.19
9240,932,908.52
9241,932,910.97
9242,932,912.26
9243,932,916.58
9244,932,908.43
9245,932,908.85
9246,932,924.03
9247,932,910.11
9248,932,914.39
9249,932,912.52
9250,932,918.96
9251,932,909.94
9252,932,922.83
9253,932,916.08
9254,932,925.39
9255,932,910.5
9256,932,921.41
9257,932,921.63
9258,932,909.14
9259,932,920.77
9260,932,923.53
9261,932,915.57
9262,932,890.96
9263,932,914.36
9264,932,916.41
9265,932,922.36
9266,932,917.7
9267,932,916.92
9268,932,911.9
9269,932,899.42
9270,932,916.43
9271,932,914.06
9272,932,914.48
9273,932,914.91
9274,932,920.95
9275,932,913.44
9276,932,918.92
9277,932,900.52
9278,932,915.35
9279,932,914.62
9280,932,911.97
9281,932,914.28
9282,932,922.27
9283,932,912.33
9284,932,902.56
9285,932,924.01
9286,932,923.51
9287,932,902.2
9288,932,922.45
9289,932,908.9
9290,932,908.56
9291,932,921.17
9292,932,901.51
9293,932,906.49
9294,932,914.94
9295,932,916.81
9296,932,923.22
9297,932,904.3
9298,932,924.46
9299,932,914.21
9300,932,921.6
9301,932,903.36
9302,932,920.96
9303,932,920.99
9304,932,920.82
9305,932,919.43
9306,932,908.12
9307,932,906.82
9308,932,916.94
9309,932,911.26
9310,932,908.9
9311,932,903.37
9312,932,916.28
9313,932,915.64
9314,932,922.38
9315,932,911.46
9316,932,913.59
9317,932,915.38
9318,932,900.73
9319,932,916.88
9320,932,911.85
9321,932,906.44
9322,932,912.52
9323,932,913.2
9324,932,911.52
9325,932,905.2
9326,932,906.5
9327,932,907.88
9328,932,923.54
9329,932,923.47
9330,932,900.69
9331,932,902.66
9332,932,904.46
9333,932,919.43
9334,932,913.39
9335,932,924.17
9336,932,910.82
9337,932,919.74
9338,932,913.04
9339,932,914.86
9340,932,917.54
9341,932,913.56
9342,932,920.34
9343,932,916.88
9344,932,924.19
9345,932,920.85
9346,932,919.19
9347,932,914.98
9348,932,919.68
9349,932,891.04
9350,932,907.61
9351,932,914.6
9352,932,895.43
9353,932,902.77
9354,932,918.61
9355,932,923.36
9356,932,914.89
9357,932,908.0
9358,932,909.52
9359,932,913.92
9360,932,922.6
9361,932,907.23
9362,932,901.63
9363,932,925.11
9364,932,908.8
9365,932,902.04
9366,932,919.53
9367,932,923.19
9368,932,921.24
9369,932,902.22
9370,932,906.67
9371,932,919.81
9372,932,911.36
9373,932,921.25
9374,932,911.97
9375,932,913.78
9376,932,917.44
9377,932,916.82
9378,932,912.84
9379,932,912.45
9380,932,918.69
9381,932,915.15
9382,932,913.95
9383,932,910.34
9384,932,917.34
9385,932,911.14
9386,932,909.54
9387,932,918.31
9388,932,911.26
9389,932,920.83
9390,932,902.17
9391,932,908.73
9392,932,920.74
9393,932,910.84
9394,932,910.71
9395,932,905.15
9396,932,905.84
9397,932,903.14
9398,932,915.4
9399,932,894.05
9400,932,911.92
9401,932,916.1
9402,932,913.52
9403,932,911.41
9404,932,922.11
9405,932,914.94
9406,932,916.36
9407,932,909.66
9408,932,921.92
9409,932,914.6
9410,932,918.76
9411,932,910.59
9412,932,917.8
9413,932,911.81
9414,932,914.9
9415,932,917.41
9416,932,906.05
9417,932,910.52
9418,932,904.98
9419,932,907.72
9420,932,915.25
9421,932,918.96
9422,932,917.37
9423,932,901.33
9424,932,914.31
9425,932,904.3
9426,932,909.34
9427,932,892.88
9428,932,922.02
9429,932,922.65
9430,932,905.31
9431,932,922.4
9432,932,922.12
9433,932,900.33
9434,932,921.38
9435,932,905.83
9436,932,919.09
9437,932,897.12
9438,932,906.71
9439,932,914.89
9440,932,911.63
9441,932,914.24
9442,932,911.32
9443,932,922.35
9444,932,915.72
9445,932,925.34
9446,932,913.87
9447,932,918.97
9448,932,915.36
9449,932,914.48
9450,932,917.83
9451,932,917.23
9452,932,923.71
9453,932,919.72
9454,932,915.14
9455,932,920.08
9456,932,896.68
9457,932,907.48
9458,932,919.0
9459,932,913.21
9460,932,911.94
9461,932,891.87
9462,932,918.53
9463,932,918.1
9464,932,922.08
9465,932,910.35
9466,932,911.86
9467,932,901.01
9468,932,905.96
9469,932,914.45
9470,932,913.9
9471,932,907.72
9472,932,921.41
9473,932,908.15
9474,932,910.81
9475,932,915.04
9476,932,911.54
9477,932,915.15
9478,932,900.92
9479,932,908.25
9480,932,907.51
9481,932,910.73
9482,932,916.26
9483,932,923.72
9484,932,913.8
9485,932,915.56
9486,932,927.9
9487,932,916.7
9488,932,915.86
9489,932,921.71
9490,932,916.03
9491,932,921.63
9492,932,910.59
9493,932,911.38
9494,932,908.64
9495,932,918.24
9496,932,918.37
9497,932,920.36
9498,932,896.64
9499,932,920.26
9500,932,910.69
9501,932,915.18
9502,932,893.47
9503,932,906.55
9504,932,905.43
9505,932,926.58
9506,932,906.24
9507,932,895.14
9508,932,922.33
9509,932,904.91
9510,932,918.36
9511,932,923.86
9512,932,915.21
9513,932,910.76
9514,932,924.67
9515,932,890.82
9516,932,918.88
9517,932,901.95
9518,932,913.84
9519,932,913.97
9520,932,914.98
9521,932,906.3
9522,932,911.9
9523,932,919.76
9524,932,921.93
9525,932,911.75
9526,932,923.17
9527,932,911.71
9528,932,916.77
9529,932,904.14
9530,932,917.13
9531,932,923.07
9532,932,920.27
9533,932,920.13
9534,932,907.88
9535,932,915.52
9536,932,908.73
9537,932,899.47
9538,932,903.12
9539,932,907.34
9540,932,913.54
9541,932,902.29
9542,932,914.33
9543,932,903.7
9544,932,915.37
9545,932,910.8
9546,932,918.05
9547,932,918.92
9548,932,919.44
9549,932,912.85
9550,932,904.96
9551,932,912.07
9552,932,919.05
9553,932,916.17
9554,932,915.16
9555,932,901.44
9556,932,910.04
9557,932,902.9
9558,932,916.9
9559,932,909.94
9560,932,919.01
9561,932,915.4
9562,932,911.01
9563,932,916.8
9564,932,918.6
9565,932,917.52
9566,932,925.29
9567,932,917.8
9568,932,901.41
9569,932,907.59
9570,932,916.63
9571,932,894.58
9572,932,919.71
9573,932,916.36
9574,932,914.17
9575,932,911.41
9576,932,927.5
9577,932,919.12
9578,932,904.83
9579,932,921.15
9580,932,920.06
9581,932,917.77
9582,932,915.18
9583,932,920.09
9584,932,892.7
9585,932,908.47
9586,932,913.85
9587,932,924.79
9588,932,913.77
9589,932,924.19
9590,932,910.27
9591,932,916.39
9592,932,899.89
9593,932,918.82
9594,932,911.07
9595,932,907.33
9596,932,924.85
9597,932,906.15
9598,932,907.25
9599,932,916.77
9600,932,918.86
9601,932,914.03
9602,932,908.97
9603,932,915.38
9604,932,915.45
9605,932,926.39
9606,932,905.85
9607,932,923.39
9608,932,915.72
9609,932,915.45
9610,932,919.52
9611,932,914.61
9612,932,914.5
9613,932,923.62
9614,932,912.57
9615,932,910.6
9616,932,897.64
9617,932,912.72
9618,932,908.57
9619,932,906.88
9620,932,916.13
9621,932,914.75
9622,932,916.53
9623,932,917.53
9624,932,906.69
9625,932,912.43
9626,932,900.87
9627,932,910.7
9628,932,913.2
9629,932,898.13
9630,932,921.25
9631,932,913.19
9632,932,907.29
9633,932,919.69
9634,932,913.04
9635,932,920.26
9636,932,895.02
9637,932,915.43
9638,932,908.98
9639,932,917.74
9640,932,909.19
9641,932,910.32
9642,932,916.7
9643,932,921.43
9644,932,924.02
9645,932,908.7
9646,932,892.58
9647,932,917.66
9648,932,903.69
9649,932,918.97
9650,932,917.12
9651,932,917.4
9652,932,902.9
9653,932,920.36
9654,932,899.59
9655,932,925.21
9656,932,909.69
9657,932,910.38
9658,932,914.4
9659,932,922.83
9660,932,893.4
9661,932,918.09
9662,932,909.72
9663,932,898.41
9664,932,909.42
9665,932,909.44
9666,932,913.89
9667,932,913.81
9668,932,907.93
9669,932,919.22
9670,932,898.19
9671,932,918.38
9672,932,911.35
9673,932,902.3
9674,932,904.17
9675,932,906.12
9676,932,919.41
9677,932,916.1
9678,932,902.8
9679,932,909.99
9680,932,910.93
9681,932,918.78
9682,932,915.68
9683,932,903.19
9684,932,907.14
9685,932,905.23
9686,932,913.11
9687,932,888.38
9688,932,903.67
9689,932,912.96
9690,932,915.23
9691,932,909.41
9692,932,908.51
9693,932,891.66
9694,932,911.04
9695,932,917.22
9696,932,916.82
9697,932,912.74
9698,932,915.68
9699,932,908.01
9700,932,915.82
9701,932,914.08
9702,932,906.55
9703,932,923.09
9704,932,908.67
9705,932,919.43
9706,932,908.59
9707,932,922.96
9708,932,917.43
9709,932,912.81
9710,932,898.24
9711,932,910.85
9712,932,916.1
9713,932,908.56
9714,932,912.62
9715,932,918.34
9716,932,912.33
9717,932,904.23
9718,932,915.54
9719,932,901.64
9720,932,928.33
9721,932,907.57
9722,932,917.96
9723,932,903.45
9724,932,905.99
9725,932,917.14
9726,932,911.52
9727,932,921.67
9728,932,917.46
9729,932,917.1
9730,932,916.68
9731,932,902.62
9732,932,897.57
9733,932,917.8
9734,932,913.25
9735,932,911.2
9736,932,919.02
9737,932,910.43
9738,932,916.84
9739,932,909.29
9740,932,913.62
9741,932,908.36
9742,932,904.71
9743,932,898.59
9744,932,918.77
9745,932,912.12
9746,932,924.01
9747,932,921.52
9748,932,908.59
9749,932,910.6
9750,932,910.84
9751,932,917.13
9752,932,917.72
9753,932,905.78
9754,932,920.05
9755,932,917.36
9756,932,908.75
9757,932,891.6
9758,932,906.51
9759,932,916.0
9760,932,913.66
9761,932,910.61
9762,932,906.6
9763,932,911.93
9764,932,910.43
9765,932,913.79
9766,932,918.28
9767,932,912.8
9768,932,898.23
9769,932,907.32
9770,932,910.51
9771,932,913.96
9772,932,921.6
9773,932,917.71
9774,932,926.25
9775,932,901.25
9776,932,917.01
9777,932,915.98
9778,932,893.58
9779,932,919.85
9780,932,914.94
9781,932,912.94
9782,932,912.74
9783,932,912.77
9784,932,917.18
9785,932,920.69
9786,932,913.24
9787,932,916.01
9788,932,903.45
9789,932,909.92
9790,932,915.44
9791,932,908.66
9792,932,923.72
9793,932,895.6
9794,932,921.89
9795,932,911.87
9796,932,911.0
9797,932,909.08
9798,932,924.85
9799,932,912.65
9800,932,919.39
9801,932,908.47
9802,932,911.81
9803,932,917.04
9804,932,911.07
9805,932,916.47
9806,932,917.42
9807,932,908.92
9808,932,904.53
9809,932,908.31
9810,932,906.23
9811,932,910.1
9812,932,917.12
9813,932,906.93
9814,932,908.71
9815,932,906.34
9816,932,914.73
9817,932,915.66
9818,932,914.21
9819,932,916.16
9820,932,912.45
9821,932,920.24
9822,932,920.01
9823,932,922.22
9824,932,911.59
9825,932,908.47
9826,932,914.78
9827,932,909.42
9828,932,908.68
9829,932,913.85
9830,932,914.17
9831,932,915.79
9832,932,909.27
9833,932,913.73
9834,932,906.83
9835,932,917.39
9836,932,916.23
9837,932,904.38
9838,932,919.58
9839,932,916.66
9840,932,906.12
9841,932,927.42
9842,932,920.27
9843,932,908.12
9844,932,916.68
9845,932,917.11
9846,932,917.12
9847,932,907.84
9848,932,905.82
9849,932,921.7
9850,932,919.12
9851,932,922.99
9852,932,908.25
9853,932,912.58
9854,932,913.88
9855,932,916.63
9856,932,904.11
9857,932,919.48
9858,932,896.37
9859,932,911.4
9860,932,910.09
9861,932,919.0
9862,932,909.2
9863,932,918.57
9864,932,909.6
9865,932,911.8
9866,932,911.98
9867,932,917.57
9868,932,916.15
9869,932,916.78
9870,932,903.9
9871,932,914.8
9872,932,902.03
9873,932,909.19
9874,932,923.57
9875,932,907.91
9876,932,916.52
9877,932,917.47
9878,932,925.99
9879,932,910.61
9880,932,913.22
9881,932,911.0
9882,932,912.41
9883,932,918.07
9884,932,918.74
9885,932,911.61
9886,932,909.66
9887,932,902.82
9888,932,907.08
9889,932,918.36
9890,932,908.7
9891,932,911.56
9892,932,908.71
9893,932,894.6
9894,932,918.76
9895,932,904.76
9896,932,908.59
9897,932,915.13
9898,932,895.85
9899,932,915.96
9900,932,908.09
9901,932,911.98
9902,932,914.67
9903,932,911.94
9904,932,923.02
9905,932,910.06
9906,932,909.08
9907,932,912.33
9908,932,897.03
9909,932,914.39
9910,932,913.5
9911,932,910.96
9912,932,874.91
9913,932,912.22
9914,932,903.73
9915,932,915.77
9916,932,913.03
9917,932,920.45
9918,932,903.87
9919,932,914.62
9920,932,922.98
9921,932,910.02
9922,932,918.19
9923,932,913.74
9924,932,909.22
9925,932,904.14
9926,932,916.28
9927,932,916.4
9928,932,912.15
9929,932,911.12
9930,932,913.85
9931,932,913.0
9932,932,923.31
9933,932,904.65
9934,932,908.5
9935,932,923.6
9936,932,909.23
9937,932,923.68
9938,932,912.91
9939,932,906.28
9940,932,904.8
9941,932,918.76
9942,932,912.44
9943,932,919.89
9944,932,908.96
9945,932,914.53
9946,932,915.6
9947,932,927.14
9948,932,920.32
9949,932,925.77
9950,932,900.79
9951,932,910.33
9952,932,903.5
9953,932,912.93
9954,932,906.33
9955,932,922.71
9956,932,908.87
9957,932,917.78
9958,932,908.47
9959,932,905.28
9960,932,916.92
9961,932,917.89
9962,932,901.64
9963,932,915.07
9964,932,912.18
9965,932,908.34
9966,932,904.43
9967,932,910.14
9968,932,900.39
9969,932,911.83
9970,932,898.27
9971,932,901.8
9972,932,907.68
9973,932,917.52
9974,932,913.51
9975,932,911.96
9976,932,908.1
9977,932,913.56
9978,932,908.27
9979,932,910.97
9980,932,910.77
9981,932,909.84
9982,932,919.65
9983,932,913.88
9984,932,913.71
9985,932,910.51
9986,932,917.99
9987,932,909.66
9988,932,916.8
9989,932,909.31
9990,932,912.46
9991,932,923.05
9992,932,911.91
9993,932,923.48
9994,932,927.36
9995,932,916.72
9996,932,906.23
9997,932,911.99
9998,932,905.7
9999,932,909.06
10000,932,921.24
10001,932,914.29
10002,932,915.42
10003,932,920.69
10004,932,912.68
10005,932,924.36
10006,932,916.29
10007,932,925.09
10008,932,918.72
10009,932,903.96
10010,932,917.71
10011,932,925.41
10012,932,913.58
10013,932,925.25
10014,932,921.04
10015,932,918.36
10016,932,915.7
10017,932,903.59
10018,932,908.68
10019,932,922.92
10020,932,914.83
10021,932,921.16
10022,932,905.37
10023,932,910.9
10024,932,921.36
10025,932,915.34
10026,932,904.49
10027,932,909.65
10028,932,915.38
10029,932,914.83
10030,932,925.17
10031,932,902.19
10032,932,910.53
10033,932,917.77
10034,932,919.8
10035,932,918.95
10036,932,918.42
10037,932,918.15
10038,932,919.75
10039,932,905.82
10040,932,905.65
10041,932,911.24
10042,932,904.62
10043,932,921.93
10044,932,910.76
10045,932,908.47
10046,932,916.73
10047,932,911.2
10048,932,905.18
10049,932,909.13
10050,932,908.33
10051,932,915.48
10052,932,911.62
10053,932,913.5
10054,932,905.22
10055,932,908.4
10056,932,917.7
10057,932,913.44
10058,932,916.34
10059,932,916.43
10060,932,921.05
10061,932,918.59
10062,932,901.4
10063,932,919.55
10064,932,914.39
10065,932,918.74
10066,932,925.04
10067,932,920.93
10068,932,912.36
10069,932,927.48
10070,932,916.69
10071,932,920.88
10072,932,896.8
10073,932,917.89
10074,932,910.89
10075,932,899.81
10076,932,912.78
10077,932,917.32
10078,932,916.81
10079,932,911.93
10080,932,916.82
10081,932,914.02
10082,932,910.86
10083,932,899.67
10084,932,917.83
10085,932,902.44
10086,932,909.73
10087,932,917.92
10088,932,903.12
10089,932,913.26
10090,932,911.85
10091,932,907.45
10092,932,895.84
10093,932,907.94
10094,932,905.86
10095,932,918.12
10096,932,910.1
10097,932,922.8
10098,932,921.97
10099,932,911.88
10100,932,909.44
10101,932,915.36
10102,932,901.27
10103,932,921.97
10104,932,912.03
10105,932,909.99
10106,932,912.43
10107,932,905.35
10108,932,911.72
10109,932,902.23
10110,932,913.06
10111,932,907.63
10112,932,915.04
10113,932,919.01
10114,932,919.15
10115,932,918.46
10116,932,906.35
10117,932,899.77
10118,932,899.33
10119,932,902.87
10120,932,901.88
10121,932,911.6
10122,932,910.17
10123,932,921.25
10124,932,911.94
10125,932,922.63
10126,932,912.26
10127,932,909.61
10128,932,910.31
10129,932,917.54
10130,932,905.12
10131,932,910.06
10132,932,899.22
10133,932,916.25
10134,932,909.84
10135,932,919.36
10136,932,901.68
10137,932,907.69
10138,932,905.58
10139,932,912.38
10140,932,909.7
10141,932,902.67
10142,932,920.43
10143,932,913.29
10144,932,909.92
10145,932,914.12
10146,932,911.65
10147,932,911.89
10148,932,915.79
10149,932,914.03
10150,932,919.69
10151,932,906.86
10152,932,902.46
10153,932,922.4
10154,932,920.82
10155,932,918.11
10156,932,916.18
10157,932,913.42
10158,932,916.49
10159,932,901.63
10160,932,917.31
10161,932,921.73
10162,932,907.83
10163,932,921.98
10164,932,901.55
10165,932,907.61
10166,932,916.43
10167,932,916.69
10168,932,922.2
10169,932,911.45
10170,932,918.39
10171,932,910.51
10172,932,909.48
10173,932,913.95
10174,932,911.44
10175,932,914.24
10176,932,911.12
10177,932,924.45
10178,932,914.22
10179,932,917.06
10180,932,914.23
10181,932,921.47
10182,932,915.76
10183,932,912.1
10184,932,924.47
10185,932,906.15
10186,932,920.19
10187,932,917.07
10188,932,900.39
10189,932,909.57
10190,932,917.6
10191,932,918.75
10192,932,914.25
10193,932,904.98
10194,932,913.25
10195,932,917.02
10196,932,898.08
10197,932,922.81
10198,932,911.2
10199,932,922.33
10200,932,918.21
10201,932,910.25
10202,932,908.98
10203,932,923.16
10204,932,903.08
10205,932,922.84
10206,932,907.54
10207,932,922.61
10208,932,916.58
10209,932,913.25
10210,932,920.12
10211,932,895.77
10212,932,921.7
10213,932,919.68
10214,932,902.29
10215,932,912.01
10216,932,916.61
10217,932,919.59
10218,932,901.92
10219,932,916.35
10220,932,924.53
10221,932,906.52
10222,932,907.52
10223,932,913.39
10224,932,911.53
10225,932,923.97
10226,932,912.98
10227,932,906.45
10228,932,920.11
10229,932,915.58
10230,932,909.86
10231,932,906.49
10232,932,912.13
10233,932,913.33
10234,932,917.33
10235,932,925.3
10236,932,910.66
10237,932,916.08
10238,932,908.4
10239,932,920.57
10240,932,920.39
10241,932,913.27
10242,932,916.18
10243,932,909.34
10244,932,911.83
10245,932,907.33
10246,932,921.97
10247,932,900.56
10248,932,907.92
10249,932,917.8
10250,932,920.88
10251,932,917.07
10252,932,907.45
10253,932,923.28
10254,932,915.52
10255,932,899.69
10256,932,910.26
10257,932,915.08
10258,932,898.9
10259,932,915.44
10260,932,915.96
10261,932,906.51
10262,932,906.93
10263,932,910.15
10264,932,913.96
10265,932,898.25
10266,932,915.1
10267,932,913.42
10268,932,929.28
10269,932,919.85
10270,932,910.87
10271,932,907.77
10272,932,904.59
10273,932,913.27
10274,932,915.45
10275,932,920.11
10276,932,905.26
10277,932,906.73
10278,932,906.76
10279,932,915.07
10280,932,917.09
10281,932,916.33
10282,932,905.29
10283,932,918.34
10284,932,922.83
10285,932,912.31
10286,932,915.86
10287,932,911.11
10288,932,919.05
10289,932,923.28
10290,932,905.5
10291,932,907.74
10292,932,904.53
10293,932,913.75
10294,932,909.81
10295,932,918.99
10296,932,898.43
10297,932,910.26
10298,932,921.88
10299,932,910.55
10300,932,922.12
10301,932,908.11
10302,932,905.36
10303,932,916.23
10304,932,921.11
10305,932,912.89
10306,932,903.73
10307,932,918.57
10308,932,908.58
10309,932,913.41
10310,932,916.73
10311,932,913.75
10312,932,902.16
10313,932,921.11
10314,932,919.59
10315,932,910.42
10316,932,908.85
10317,932,921.18
10318,932,911.53
10319,932,917.97
10320,932,912.02
10321,932,915.17
10322,932,912.01
10323,932,906.97
10324,932,915.17
10325,932,917.73
10326,932,922.92
10327,932,908.54
10328,932,889.63
10329,932,908.63
10330,932,919.78
10331,932,917.39
10332,932,887.25
10333,932,916.16
10334,932,915.88
10335,932,912.6
10336,932,901.05
10337,932,907.53
10338,932,909.76
10339,932,914.58
10340,932,918.43
10341,932,913.01
10342,932,918.65
10343,932,911.58
10344,932,920.68
10345,932,914.68
10346,932,907.96
10347,932,912.51
10348,932,909.31
10349,932,916.84
10350,932,901.16
10351,932,902.06
10352,932,904.54
10353,932,909.64
10354,932,893.67
10355,932,919.09
10356,932,916.75
10357,932,908.67
10358,932,930.33
10359,932,918.5
10360,932,912.15
10361,932,927.65
10362,932,920.76
10363,932,918.75
10364,932,911.78
10365,932,906.44
10366,932,916.74
10367,932,905.02
10368,932,909.48
10369,932,908.43
10370,932,919.9
10371,932,905.54
10372,932,914.67
10373,932,912.94
10374,932,919.65
10375,932,913.76
10376,932,914.76
10377,932,920.72
10378,932,908.41
10379,932,902.44
10380,932,920.01
10381,932,918.29
10382,932,921.58
10383,932,920.75
10384,932,911.07
10385,932,919.04
10386,932,908.14
10387,932,913.03
10388,932,910.31
10389,932,912.15
10390,932,909.13
10391,932,909.75
10392,932,915.73
10393,932,921.32
10394,932,907.42
10395,932,900.58
10396,932,918.47
10397,932,917.5
10398,932,909.35
10399,932,919.67
10400,932,916.26
10401,932,919.99
10402,932,926.83
10403,932,907.02
10404,932,921.12
10405,932,910.88
10406,932,918.58
10407,932,906.58
10408,932,914.27
10409,932,911.56
10410,932,912.64
10411,932,911.23
10412,932,910.8
10413,932,909.17
10414,932,915.88
10415,932,900.72
10416,932,918.5
10417,932,909.89
10418,932,907.27
10419,932,913.86
10420,932,901.92
10421,932,922.11
10422,932,914.12
10423,932,918.44
10424,932,913.52
10425,932,887.51
10426,932,913.96
10427,932,918.69
10428,932,918.92
10429,932,911.83
10430,932,914.43
10431,932,905.84
10432,932,918.46
10433,932,907.82
10434,932,894.07
10435,932,903.75
10436,932,917.94
10437,932,909.99
10438,932,918.22
10439,932,918.09
10440,932,916.06
10441,932,886.49
10442,932,914.38
10443,932,913.12
10444,932,919.45
10445,932,915.74
10446,932,924.38
10447,932,920.66
10448,932,916.98
10449,932,905.58
10450,932,890.95
10451,932,886.16
10452,932,912.52
10453,932,920.89
10454,932,912.96
10455,932,911.39
10456,932,909.78
10457,932,923.91
10458,932,899.31
10459,932,922.09
10460,932,916.43
10461,932,910.02
10462,932,915.72
10463,932,914.23
10464,932,926.8
10465,932,918.01
10466,932,915.0
10467,932,905.52
10468,932,920.26
10469,932,898.43
10470,932,909.55
10471,932,911.43
10472,932,903.92
10473,932,915.84
10474,932,921.83
10475,932,916.14
10476,932,915.44
10477,932,913.95
10478,932,906.94
10479,932,902.73
10480,932,911.59
10481,932,925.79
10482,932,921.7
10483,932,908.86
10484,932,913.31
10485,932,912.31
10486,932,916.13
10487,932,907.49
10488,932,908.2
10489,932,910.73
10490,932,909.92
10491,932,905.33
10492,932,912.44
10493,932,916.37
10494,932,919.69
10495,932,912.05
10496,932,922.67
10497,932,906.58
10498,932,913.07
10499,932,915.76
10500,932,909.29
10501,932,906.43
10502,932,909.99
10503,932,919.79
10504,932,898.83
10505,932,911.31
10506,932,905.73
10507,932,913.17
10508,932,915.63
10509,932,906.83
10510,932,900.74
10511,932,928.35
10512,932,920.28
10513,932,915.11
10514,932,917.74
10515,932,911.21
10516,932,923.58
10517,932,915.17
10518,932,912.7
10519,932,904.13
10520,932,909.42
10521,932,908.56
10522,932,908.13
10523,932,918.11
10524,932,897.68
10525,932,912.18
10526,932,916.28
10527,932,907.74
10528,932,910.44
10529,932,912.94
10530,932,914.16
10531,932,918.84
10532,932,917.11
10533,932,915.87
10534,932,899.67
10535,932,918.59
10536,932,910.91
10537,932,920.95
10538,932,911.6
10539,932,909.88
10540,932,912.75
10541,932,917.87
10542,932,910.44
10543,932,909.08
10544,932,905.59
10545,932,920.07
10546,932,920.25
10547,932,917.75
10548,932,918.03
10549,932,915.39
10550,932,911.46
10551,932,915.77
10552,932,920.28
10553,932,908.1
10554,932,920.89
10555,932,919.51
10556,932,917.22
10557,932,908.36
10558,932,918.48
10559,932,915.1
10560,932,913.38
10561,932,923.13
10562,932,913.43
10563,932,911.38
10564,932,926.84
10565,932,903.63
10566,932,907.98
10567,932,915.89
10568,932,912.12
10569,932,913.14
10570,932,916.26
10571,932,920.51
10572,932,913.79
10573,932,921.74
10574,932,920.35
10575,932,918.87
10576,932,904.29
10577,932,918.56
10578,932,917.89
10579,932,913.64
10580,932,915.9
10581,932,919.22
10582,932,923.65
10583,932,917.0
10584,932,895.78
10585,932,917.39
10586,932,923.21
10587,932,921.51
10588,932,919.56
10589,932,919.72
10590,932,911.51
10591,932,916.64
10592,932,898.62
10593,932,896.1
10594,932,915.74
10595,932,905.91
10596,932,901.45
10597,932,919.2
10598,932,912.97
10599,932,911.47
10600,932,907.17
10601,932,925.07
10602,932,912.06
10603,932,915.59
10604,932,903.06
10605,932,911.44
10606,932,917.18
10607,932,904.86
10608,932,916.35
10609,932,917.33
10610,932,911.16
10611,932,915.46
10612,932,915.85
10613,932,912.49
10614,932,919.48
10615,932,911.18
10616,932,917.74
10617,932,911.04
10618,932,921.35
10619,932,917.9
10620,932,919.18
10621,932,909.44
10622,932,914.12
10623,932,922.01
10624,932,907.44
10625,932,911.96
10626,932,906.6
10627,932,926.01
10628,932,908.48
10629,932,919.94
10630,932,913.85
10631,932,913.54
10632,932,912.75
10633,932,915.71
10634,932,905.38
10635,932,912.59
10636,932,907.76
10637,932,912.81
10638,932,905.27
10639,932,909.64
10640,932,915.34
10641,932,912.16
10642,932,901.33
10643,932,914.58
10644,932,916.24
10645,932,923.95
10646,932,910.37
10647,932,912.22
10648,932,923.38
10649,932,919.73
10650,932,909.45
10651,932,914.58
10652,932,910.92
10653,932,916.26
10654,932,910.61
10655,932,908.33
10656,932,905.85
10657,932,918.3
10658,932,918.96
10659,932,910.37
10660,932,913.93
10661,932,919.39
10662,932,915.85
10663,932,912.58
10664,932,912.96
10665,932,923.02
10666,932,915.7
10667,932,918.67
10668,932,918.41
10669,932,916.94
10670,932,899.65
10671,932,913.46
10672,932,915.41
10673,932,924.64
10674,932,922.42
10675,932,921.89
10676,932,917.27
10677,932,911.29
10678,932,916.12
10679,932,917.26
10680,932,920.77
10681,932,914.19
10682,932,919.4
10683,932,912.39
10684,932,908.36
10685,932,906.21
10686,932,916.51
10687,932,920.41
10688,932,919.53
10689,932,907.22
10690,932,914.63
10691,932,920.04
10692,932,915.08
10693,932,919.73
10694,932,915.78
10695,932,913.54
10696,932,919.77
10697,932,905.19
10698,932,926.25
10699,932,908.69
10700,932,914.43
10701,932,914.76
10702,932,910.73
10703,932,918.28
10704,932,915.67
10705,932,899.18
10706,932,906.17
10707,932,915.62
10708,932,917.96
10709,932,914.55
10710,932,908.79
10711,932,926.38
10712,932,916.38
10713,932,921.39
10714,932,901.05
10715,932,916.2
10716,932,901.06
10717,932,904.59
10718,932,926.58
10719,932,919.78
10720,932,917.92
10721,932,914.46
10722,932,903.89
10723,932,918.13
10724,932,916.93
10725,932,915.66
10726,932,912.18
10727,932,890.0
10728,932,913.53
10729,932,915.64
10730,932,900.7
10731,932,912.22
10732,932,922.58
10733,932,907.12
10734,932,923.51
10735,932,918.6
10736,932,916.7
10737,932,917.28
10738,932,917.96
10739,932,910.74
10740,932,914.29
10741,932,901.12
10742,932,920.29
10743,932,917.37
10744,932,910.65
10745,932,913.05
10746,932,908.85
10747,932,906.37
10748,932,918.23
10749,932,920.19
10750,932,914.68
10751,932,911.29
10752,932,924.01
10753,932,913.32
10754,932,920.66
10755,932,909.83
10756,932,917.54
10757,932,911.94
10758,932,912.37
10759,932,909.95
10760,932,912.62
10761,932,916.32
10762,932,912.11
10763,932,915.05
10764,932,914.91
10765,932,915.37
10766,932,911.17
10767,932,916.68
10768,932,911.97
10769,932,906.12
10770,932,915.8
10771,932,907.68
10772,932,914.15
10773,932,906.64
10774,932,902.2
10775,932,924.11
10776,932,918.49
10777,932,900.09
10778,932,916.84
10779,932,900.02
10780,932,915.87
10781,932,918.82
10782,932,913.24
10783,932,902.31
10784,932,919.17
10785,932,925.15
10786,932,901.47
10787,932,910.55
10788,932,922.03
10789,932,898.22
10790,932,918.19
10791,932,916.11
10792,932,907.11
10793,932,908.03
10794,932,906.9
10795,932,916.93
10796,932,916.24
10797,932,916.14
10798,932,903.91
10799,932,913.61
10800,932,915.69
10801,932,901.66
10802,932,910.8
10803,932,906.1
10804,932,910.45
10805,932,911.72
10806,932,915.13
10807,932,915.92
10808,932,912.39
10809,932,919.3
10810,932,905.75
10811,932,917.41
10812,932,899.1
10813,932,919.2
10814,932,926.89
10815,932,913.12
10816,932,902.8
10817,932,912.48
10818,932,891.16
10819,932,902.8
10820,932,916.99
10821,932,918.2
10822,932,894.21
10823,932,903.07
10824,932,912.74
10825,932,911.04
10826,932,916.64
10827,932,913.2
10828,932,915.48
10829,932,920.12
10830,932,911.7
10831,932,909.84
10832,932,918.08
10833,932,904.87
10834,932,921.22
10835,932,908.51
10836,932,912.91
10837,932,918.38
10838,932,918.67
10839,932,910.97
10840,932,912.38
10841,932,918.11
10842,932,915.44
10843,932,908.76
10844,932,908.49
10845,932,919.66
10846,932,905.5
10847,932,919.32
10848,932,910.63
10849,932,913.21
10850,932,920.52
10851,932,920.55
10852,932,923.2
10853,932,922.14
10854,932,904.87
10855,932,915.13
10856,932,917.75
10857,932,911.72
10858,932,903.27
10859,932,904.43
10860,932,900.95
10861,932,910.33
10862,932,905.99
10863,932,921.61
10864,932,903.06
10865,932,915.28
10866,932,924.78
10867,932,911.59
10868,932,927.89
10869,932,916.29
10870,932,900.17
10871,932,921.39
10872,932,916.39
10873,932,913.42
10874,932,914.02
10875,932,921.3
10876,932,900.52
10877,932,906.22
10878,932,922.11
10879,932,914.66
10880,932,906.37
10881,932,893.96
10882,932,914.23
10883,932,914.97
10884,932,919.73
10885,932,902.61
10886,932,913.43
10887,932,913.04
10888,932,920.4
10889,932,923.41
10890,932,917.63
10891,932,913.9
10892,932,903.8
10893,932,909.54
10894,932,917.36
10895,932,917.34
10896,932,905.37
10897,932,901.25
10898,932,908.95
10899,932,907.17
10900,932,913.15
10901,932,917.06
10902,932,921.43
10903,932,910.18
10904,932,913.41
10905,932,912.97
10906,932,915.15
10907,932,895.98
10908,932,915.18
10909,932,920.65
10910,932,913.07
10911,932,910.12
10912,932,917.69
10913,932,905.09
10914,932,920.14
10915,932,914.43
10916,932,907.22
10917,932,907.66
10918,932,908.47
10919,932,894.29
10920,932,911.52
10921,932,913.7
10922,932,908.65
10923,932,922.72
10924,932,919.47
10925,932,914.33
10926,932,920.69
10927,932,919.88
10928,932,919.16
10929,932,903.6
10930,932,898.91
10931,932,906.67
10932,932,915.57
10933,932,919.77
10934,932,913.18
10935,932,914.41
10936,932,923.12
10937,932,913.13
10938,932,910.57
10939,932,914.84
10940,932,917.67
10941,932,910.63
10942,932,900.56
10943,932,911.52
10944,932,918.11
10945,932,917.82
10946,932,925.33
10947,932,906.19
10948,932,911.74
10949,932,909.91
10950,932,920.65
10951,932,908.63
10952,932,913.1
10953,932,905.82
10954,932,906.51
10955,932,918.07
10956,932,913.79
10957,932,911.96
10958,932,904.48
10959,932,912.79
10960,932,923.77
10961,932,906.53
10962,932,908.88
10963,932,908.05
10964,932,910.35
10965,932,913.11
10966,932,911.19
10967,932,902.05
10968,932,915.56
10969,932,924.72
10970,932,905.91
10971,932,910.47
10972,932,916.49
10973,932,919.52
10974,932,910.77
10975,932,917.55
10976,932,919.19
10977,932,905.95
10978,932,919.11
10979,932,908.89
10980,932,910.08
10981,932,915.33
10982,932,907.5
10983,932,911.33
10984,932,919.45
10985,932,920.38
10986,932,922.71
10987,932,920.7
10988,932,903.11
10989,932,917.68
10990,932,917.74
10991,932,913.55
10992,932,919.96
10993,932,897.56
10994,932,918.36
10995,932,917.51
10996,932,913.51
10997,932,915.93
10998,932,915.7
10999,932,903.07
11000,932,912.57
11001,932,910.61
11002,932,906.42
11003,932,903.66
11004,932,913.95
11005,932,916.9
11006,932,914.49
11007,932,916.48
11008,932,918.79
11009,932,908.72
11010,932,919.57
11011,932,909.7
11012,932,897.58
11013,932,911.11
11014,932,920.74
11015,932,916.22
11016,932,916.17
11017,932,913.5
11018,932,910.31
11019,932,919.76
11020,932,915.83
11021,932,917.93
11022,932,909.98
11023,932,921.09
11024,932,910.04
11025,932,914.43
11026,932,924.03
11027,932,911.5
11028,932,911.97
11029,932,912.98
11030,932,909.76
11031,932,914.54
11032,932,911.49
11033,932,900.73
11034,932,910.59
11035,932,915.34
11036,932,917.37
11037,932,903.4
11038,932,911.14
11039,932,909.58
11040,932,909.43
11041,932,921.2
11042,932,914.8
11043,932,915.52
11044,932,909.61
11045,932,912.47
11046,932,913.15
11047,932,911.71
11048,932,910.2
11049,932,919.06
11050,932,914.13
11051,932,917.12
11052,932,918.11
11053,932,902.4
11054,932,918.6
11055,932,919.75
11056,932,885.41
11057,932,922.68
11058,932,905.88
11059,932,906.03
11060,932,920.91
11061,932,911.1
11062,932,924.82
11063,932,908.14
11064,932,906.93
11065,932,915.93
11066,932,907.45
11067,932,912.41
11068,932,915.65
11069,932,917.58
11070,932,922.53
11071,932,914.83
11072,932,915.0
11073,932,916.37
11074,932,911.4
11075,932,917.97
11076,932,920.31
11077,932,917.07
11078,932,922.37
11079,932,909.15
11080,932,914.02
11081,932,912.76
11082,932,913.62
11083,932,919.14
11084,932,919.77
11085,932,913.89
11086,932,917.52
11087,932,920.68
11088,932,909.84
11089,932,913.37
11090,932,923.53
11091,932,911.12
11092,932,906.57
11093,932,918.46
11094,932,905.31
11095,932,905.3
11096,932,919.7
11097,932,912.84
11098,932,912.49
11099,932,928.02
11100,932,918.66
11101,932,919.27
11102,932,911.7
11103,932,906.47
11104,932,906.32
11105,932,905.58
11106,932,918.24
11107,932,902.04
11108,932,911.84
11109,932,921.46
11110,932,916.61
11111,932,900.78
11112,932,906.19
11113,932,911.29
11114,932,921.97
11115,932,913.01
11116,932,907.92
11117,932,912.67
11118,932,912.7
11119,932,917.23
11120,932,917.54
11121,932,920.21
11122,932,920.45
11123,932,903.72
11124,932,916.93
11125,932,913.15
11126,932,904.95
11127,932,895.29
11128,932,925.39
11129,932,906.99
11130,932,910.1
11131,932,908.63
11132,932,913.45
11133,932,913.83
11134,932,918.25
11135,932,908.82
11136,932,904.01
11137,932,903.63
11138,932,909.19
11139,932,904.26
11140,932,915.75
11141,932,917.16
11142,932,918.62
11143,932,915.01
11144,932,910.3
11145,932,911.12
11146,932,907.51
11147,932,909.04
11148,932,927.24
11149,932,906.34
11150,932,910.26
11151,932,907.76
11152,932,918.71
11153,932,912.58
11154,932,914.61
11155,932,907.29
11156,932,897.04
11157,932,902.98
11158,932,911.68
11159,932,925.81
11160,932,913.91
11161,932,918.81
11162,932,893.46
11163,932,914.53
11164,932,910.05
11165,932,899.83
11166,932,903.32
11167,932,917.06
11168,932,911.72
11169,932,900.97
11170,932,911.87
11171,932,909.61
11172,932,912.98
11173,932,920.64
11174,932,910.44
11175,932,921.43
11176,932,921.54
11177,932,909.94
11178,932,909.71
11179,932,917.19
11180,932,909.79
11181,932,920.98
11182,932,921.35
11183,932,915.5
11184,932,917.57
11185,932,918.51
11186,932,920.62
11187,932,910.96
11188,932,912.4
11189,932,921.38
11190,932,914.46
11191,932,907.78
11192,932,896.15
11193,932,908.11
11194,932,913.31
11195,932,892.44
11196,932,911.37
11197,932,914.15
11198,932,920.25
11199,932,904.82
11200,932,916.9
11201,932,911.37
11202,932,920.54
11203,932,912.23
11204,932,917.36
11205,932,924.16
11206,932,921.38
11207,932,926.65
11208,932,927.89
11209,932,913.87
11210,932,918.76
11211,932,919.35
11212,932,888.23
11213,932,922.82
11214,932,921.93
11215,932,916.61
11216,932,918.5
11217,932,917.57
11218,932,908.02
11219,932,908.25
11220,932,909.08
11221,932,921.74
11222,932,905.24
11223,932,897.09
11224,932,922.7
11225,932,907.99
11226,932,907.77
11227,932,923.61
11228,932,906.7
11229,932,914.68
11230,932,915.78
11231,932,913.81
11232,932,913.96
11233,932,919.81
11234,932,915.37
11235,932,919.66
11236,932,920.86
11237,932,915.23
11238,932,914.6
11239,932,915.06
11240,932,914.7
11241,932,923.05
11242,932,921.72
11243,932,909.35
11244,932,908.27
11245,932,910.59
11246,932,913.59
11247,932,919.48
11248,932,900.04
11249,932,911.61
11250,932,917.26
11251,932,916.41
11252,932,900.36
11253,932,918.54
11254,932,921.08
11255,932,915.47
11256,932,917.54
11257,932,900.25
11258,932,899.85
11259,932,913.22
11260,932,893.77
11261,932,908.59
11262,932,900.56
11263,932,902.62
11264,932,900.83
11265,932,910.31
11266,932,893.85
11267,932,913.18
11268,932,897.58
11269,932,925.25
11270,932,912.09
11271,932,910.63
11272,932,912.48
11273,932,915.89
11274,932,906.66
11275,932,914.08
11276,932,913.41
11277,932,921.06
11278,932,916.83
11279,932,923.23
11280,932,906.64
11281,932,918.24
11282,932,898.96
11283,932,902.04
11284,932,928.68
11285,932,918.65
11286,932,908.56
11287,932,911.33
11288,932,916.07
11289,932,915.01
11290,932,913.15
11291,932,911.01
11292,932,902.05
11293,932,909.66
11294,932,920.46
11295,932,909.52
11296,932,916.42
11297,932,916.59
11298,932,912.26
11299,932,925.65
11300,932,910.73
11301,932,906.76
11302,932,922.65
11303,932,904.25
11304,932,913.89
11305,932,922.33
11306,932,905.18
11307,932,916.44
11308,932,914.96
11309,932,900.3
11310,932,915.82
11311,932,908.86
11312,932,916.12
11313,932,912.52
11314,932,910.09
11315,932,906.21
11316,932,903.1
11317,932,906.48
11318,932,909.79
11319,932,903.44
11320,932,916.93
11321,932,908.99
11322,932,917.34
11323,932,910.58
11324,932,918.9
11325,932,905.75
11326,932,911.08
11327,932,902.5
11328,932,913.61
11329,932,909.54
11330,932,903.52
11331,932,902.77
11332,932,918.89
11333,932,906.8
11334,932,915.98
11335,932,921.51
11336,932,913.05
11337,932,921.95
11338,932,923.36
11339,932,893.97
11340,932,913.95
11341,932,916.95
11342,932,907.45
11343,932,907.94
11344,932,918.56
11345,932,914.5
11346,932,914.89
11347,932,916.32
11348,932,924.27
11349,932,905.05
11350,932,917.53
11351,932,909.31
11352,932,910.31
11353,932,902.1
11354,932,903.74
11355,932,911.3
11356,932,907.97
11357,932,913.46
11358,932,908.05
11359,932,906.89
11360,932,912.64
11361,932,902.96
11362,932,902.03
11363,932,917.5
11364,932,913.93
11365,932,911.52
11366,932,919.51
11367,932,926.09
11368,932,916.46
11369,932,926.39
11370,932,895.41
11371,932,915.59
11372,932,909.75
11373,932,921.41
11374,932,912.32
11375,932,909.15
11376,932,918.47
11377,932,908.45
11378,932,920.94
11379,932,917.81
11380,932,923.94
11381,932,918.42
11382,932,907.04
11383,932,911.28
11384,932,908.4
11385,932,911.75
11386,932,925.59
11387,932,920.21
11388,932,914.98
11389,932,912.52
11390,932,921.48
11391,932,914.39
11392,932,915.83
11393,932,924.5
11394,932,917.45
11395,932,914.22
11396,932,918.11
11397,932,919.03
11398,932,917.09
11399,932,909.6
11400,932,916.8
11401,932,907.8
11402,932,917.64
11403,932,918.01
11404,932,914.56
11405,932,900.19
11406,932,903.7
11407,932,907.6
11408,932,906.85
11409,932,917.53
11410,932,921.18
11411,932,900.04
11412,932,917.98
11413,932,912.91
11414,932,919.57
11415,932,907.18
11416,932,919.63
11417,932,907.8
11418,932,921.69
11419,932,915.24
11420,932,899.65
11421,932,913.49
11422,932,913.15
11423,932,906.85
11424,932,905.92
11425,932,898.7
11426,932,918.87
11427,932,898.54
11428,932,909.26
11429,932,917.96
11430,932,916.66
11431,932,913.86
11432,932,918.46
11433,932,919.93
11434,932,915.71
11435,932,904.61
11436,932,896.64
11437,932,919.14
11438,932,903.68
11439,932,904.89
11440,932,904.03
11441,932,922.46
11442,932,909.49
11443,932,913.85
11444,932,914.07
11445,932,914.79
11446,932,919.65
11447,932,911.49
11448,932,917.23
11449,932,893.36
11450,932,920.13
11451,932,918.51
11452,932,919.85
11453,932,915.8
11454,932,924.87
11455,932,915.02
11456,932,922.79
11457,932,919.95
11458,932,920.81
11459,932,920.27
11460,932,903.01
11461,932,916.64
11462,932,912.62
11463,932,923.26
11464,932,917.79
11465,932,907.92
11466,932,912.29
11467,932,907.66
11468,932,898.1
11469,932,923.12
11470,932,915.43
11471,932,917.74
11472,932,909.8
11473,932,904.78
11474,932,904.07
11475,932,921.0
11476,932,906.87
11477,932,913.17
11478,932,905.6
11479,932,908.94
11480,932,923.1
11481,932,908.5
11482,932,914.57
11483,932,919.62
11484,932,917.7
11485,932,921.42
11486,932,924.27
11487,932,919.05
11488,932,898.25
11489,932,899.77
11490,932,909.84
11491,932,903.52
11492,932,916.05
11493,932,911.54
11494,932,914.38
11495,932,922.61
11496,932,921.85
11497,932,912.03
11498,932,909.97
11499,932,917.37
11500,932,912.14
11501,932,901.91
11502,932,907.74
11503,932,913.87
11504,932,921.97
11505,932,911.56
11506,932,909.51
11507,932,914.16
11508,932,913.46
11509,932,921.81
11510,932,911.91
11511,932,905.06
11512,932,916.81
11513,932,900.5
11514,932,913.71
11515,932,920.23
11516,932,908.35
11517,932,913.32
11518,932,923.22
11519,932,905.57
11520,932,927.16
11521,932,912.05
11522,932,914.13
11523,932,914.36
11524,932,918.36
11525,932,915.28
11526,932,913.95
11527,932,914.76
11528,932,926.88
11529,932,922.76
11530,932,904.46
11531,932,916.91
11532,932,896.5
11533,932,918.38
11534,932,898.65
11535,932,915.29
11536,932,906.59
11537,932,909.95
11538,932,921.91
11539,932,919.13
11540,932,910.49
11541,932,918.26
11542,932,897.71
11543,932,922.91
11544,932,919.51
11545,932,907.3
11546,932,915.04
11547,932,916.46
11548,932,919.12
11549,932,912.62
11550,932,905.85
11551,932,902.0
11552,932,908.5
11553,932,907.27
11554,932,905.19
11555,932,907.62
11556,932,905.74
11557,932,907.04
11558,932,901.21
11559,932,924.67
11560,932,909.19
11561,932,909.73
11562,932,911.06
11563,932,914.87
11564,932,923.59
11565,932,884.78
11566,932,913.0
11567,932,911.52
11568,932,923.49
11569,932,916.24
11570,932,920.9
11571,932,920.66
11572,932,902.92
11573,932,908.93
11574,932,914.36
11575,932,913.14
11576,932,925.73
11577,932,891.81
11578,932,919.73
11579,932,910.36
11580,932,915.54
11581,932,923.9
11582,932,910.58
11583,932,904.58
11584,932,897.37
11585,932,915.0
11586,932,903.17
11587,932,921.32
11588,932,905.11
11589,932,917.06
11590,932,900.69
11591,932,925.18
11592,932,919.77
11593,932,923.94
11594,932,916.34
11595,932,912.59
11596,932,907.06
11597,932,905.15
11598,932,914.36
11599,932,919.74
11600,932,916.19
11601,932,908.55
11602,932,920.28
11603,932,919.77
11604,932,914.29
11605,932,917.47
11606,932,915.89
11607,932,912.03
11608,932,899.07
11609,932,911.75
11610,932,907.96
11611,932,913.84
11612,932,919.71
11613,932,914.44
11614,932,920.81
11615,932,921.72
11616,932,918.82
11617,932,914.8
11618,932,923.13
11619,932,910.14
11620,932,913.03
11621,932,911.48
11622,932,909.38
11623,932,891.71
11624,932,912.04
11625,932,898.43
11626,932,908.26
11627,932,912.24
11628,932,909.8
11629,932,923.09
11630,932,908.68
11631,932,919.23
11632,932,911.73
11633,932,914.95
11634,932,913.94
11635,932,912.66
11636,932,920.95
11637,932,916.3
11638,932,914.21
11639,932,922.03
11640,932,912.04
11641,932,921.73
11642,932,914.54
11643,932,912.91
11644,932,914.0
11645,932,910.69
11646,932,910.4
11647,932,908.46
11648,932,911.39
11649,932,911.88
11650,932,923.42
11651,932,902.15
11652,932,918.34
11653,932,914.11
11654,932,922.19
11655,932,910.79
11656,932,906.94
11657,932,919.39
11658,932,907.47
11659,932,900.5
11660,932,915.09
11661,932,900.84
11662,932,915.11
11663,932,911.88
11664,932,914.29
11665,932,913.25
11666,932,920.99
11667,932,915.21
11668,932,910.6
11669,932,899.46
11670,932,908.27
11671,932,906.44
11672,932,895.45
11673,932,910.1
11674,932,912.08
11675,932,913.94
11676,932,923.71
11677,932,917.0
11678,932,917.37
11679,932,911.33
11680,932,913.88
11681,932,916.57
11682,932,916.47
11683,932,914.02
11684,932,910.73
11685,932,916.19
11686,932,892.95
11687,932,919.19
11688,932,913.38
11689,932,909.71
11690,932,909.7
11691,932,923.43
11692,932,916.21
11693,932,919.08
11694,932,912.35
11695,932,920.58
11696,932,921.31
11697,932,919.62
11698,932,907.22
11699,932,925.06
11700,932,913.79
11701,932,904.91
11702,932,916.77
11703,932,915.76
11704,932,904.15
11705,932,917.67
11706,932,912.35
11707,932,907.84
11708,932,907.87
11709,932,910.24
11710,932,902.11
11711,932,914.28
11712,932,903.97
11713,932,909.98
11714,932,910.79
11715,932,916.17
11716,932,920.29
11717,932,911.98
11718,932,907.79
11719,932,921.86
11720,932,904.83
11721,932,912.66
11722,932,918.92
11723,932,912.62
11724,932,901.36
11725,932,908.11
11726,932,917.41
11727,932,915.53
11728,932,908.03
11729,932,921.33
11730,932,916.37
11731,932,910.05
11732,932,900.58
11733,932,909.9
11734,932,922.04
11735,932,922.13
11736,932,914.38
11737,932,912.7
11738,932,898.69
11739,932,901.94
11740,932,916.41
11741,932,901.81
11742,932,920.03
11743,932,905.44
11744,932,912.7
11745,932,919.5
11746,932,902.6
11747,932,910.5
11748,932,913.43
11749,932,916.51
11750,932,915.57
11751,932,913.2
11752,932,921.68
11753,932,913.47
11754,932,901.16
11755,932,922.43
11756,932,915.9
11757,932,922.95
11758,932,911.14
11759,932,924.37
11760,932,898.36
11761,932,902.35
11762,932,906.0
11763,932,919.18
11764,932,917.56
11765,932,903.97
11766,932,911.18
11767,932,918.79
11768,932,924.06
11769,932,920.01
11770,932,913.21
11771,932,920.07
11772,932,907.23
11773,932,914.31
11774,932,913.11
11775,932,907.21
11776,932,916.41
11777,932,919.08
11778,932,912.63
11779,932,919.49
11780,932,915.55
11781,932,910.18
11782,932,923.34
11783,932,916.88
11784,932,914.03
11785,932,915.08
11786,932,907.02
11787,932,901.48
11788,932,918.72
11789,932,912.61
11790,932,912.8
11791,932,910.13
11792,932,915.05
11793,932,920.55
11794,932,912.85
11795,932,909.74
11796,932,921.35
11797,932,917.72
11798,932,927.14
11799,932,902.26
11800,932,913.19
11801,932,916.33
11802,932,900.34
11803,932,910.07
11804,932,914.64
11805,932,913.34
11806,932,923.3
11807,932,921.76
11808,932,910.05
11809,932,911.71
11810,932,902.83
11811,932,903.07
11812,932,901.41
11813,932,906.97
11814,932,901.34
11815,932,921.45
11816,932,903.62
11817,932,921.76
11818,932,920.66
11819,932,913.25
11820,932,912.22
11821,932,909.75
11822,932,917.87
11823,932,921.28
11824,932,915.86
11825,932,916.1
11826,932,904.06
11827,932,899.49
11828,932,903.12
11829,932,921.09
11830,932,913.56
11831,932,908.57
11832,932,914.23
11833,932,913.13
11834,932,912.2
11835,932,916.34
11836,932,922.75
11837,932,927.6
11838,932,911.78
11839,932,925.65
11840,932,925.71
11841,932,921.29
11842,932,920.71
11843,932,917.12
11844,932,908.21
11845,932,896.57
11846,932,913.23
11847,932,921.74
11848,932,899.95
11849,932,902.13
11850,932,900.13
11851,932,902.49
11852,932,913.4
11853,932,904.24
11854,932,906.12
11855,932,912.88
11856,932,916.81
11857,932,903.89
11858,932,915.09
11859,932,918.25
11860,932,908.77
11861,932,911.15
11862,932,920.67
11863,932,904.1
11864,932,905.82
11865,932,906.0
11866,932,903.56
11867,932,907.74
11868,932,897.68
11869,932,905.43
11870,932,928.73
11871,932,917.41
11872,932,909.18
11873,932,911.61
11874,932,918.4
11875,932,902.48
11876,932,909.76
11877,932,914.46
11878,932,909.5
11879,932,907.31
11880,932,901.83
11881,932,924.94
11882,932,918.79
11883,932,913.59
11884,932,904.15
11885,932,901.79
11886,932,921.47
11887,932,920.42
11888,932,904.87
11889,932,914.65
11890,932,912.14
11891,932,923.06
11892,932,921.01
11893,932,916.8
11894,932,913.4
11895,932,918.73
11896,932,906.39
11897,932,905.94
11898,932,919.24
11899,932,892.89
11900,932,901.23
11901,932,917.56
11902,932,906.01
11903,932,919.67
11904,932,915.43
11905,932,913.29
11906,932,905.36
11907,932,913.26
11908,932,914.47
11909,932,915.85
11910,932,918.32
11911,932,918.74
11912,932,906.67
11913,932,916.43
11914,932,896.23
11915,932,913.0
11916,932,902.43
11917,932,914.89
11918,932,902.74
11919,932,912.04
11920,932,900.0
11921,932,908.3
11922,932,911.15
11923,932,910.12
11924,932,904.73
11925,932,899.95
11926,932,911.36
11927,932,907.79
11928,932,911.92
11929,932,919.3
11930,932,916.41
11931,932,908.18
11932,932,905.04
11933,932,912.05
11934,932,916.63
11935,932,915.54
11936,932,898.8
11937,932,911.47
11938,932,914.8
11939,932,916.6
11940,932,915.21
11941,932,912.03
11942,932,914.43
11943,932,916.7
11944,932,913.28
11945,932,912.16
11946,932,917.29
11947,932,914.3
11948,932,917.45
11949,932,910.1
11950,932,887.96
11951,932,913.21
11952,932,910.63
11953,932,916.5
11954,932,919.12
11955,932,927.22
11956,932,907.74
11957,932,914.37
11958,932,901.0
11959,932,908.03
11960,932,912.62
11961,932,917.35
11962,932,910.73
11963,932,914.37
11964,932,912.61
11965,932,915.26
11966,932,907.72
11967,932,906.56
11968,932,922.21
11969,932,909.27
11970,932,910.43
11971,932,911.48
11972,932,907.13
11973,932,913.11
11974,932,919.06
11975,932,911.5
11976,932,921.2
11977,932,914.16
11978,932,916.14
11979,932,904.03
11980,932,903.9
11981,932,914.45
11982,932,914.21
11983,932,915.13
11984,932,919.53
11985,932,915.52
11986,932,910.56
11987,932,916.56
11988,932,908.21
11989,932,912.08
11990,932,917.52
11991,932,904.43
11992,932,915.24
11993,932,906.35
11994,932,911.65
11995,932,912.68
11996,932,898.84
11997,932,922.87
11998,932,910.44
11999,932,913.28
12000,932,917.01
12001,932,908.59
12002,932,918.51
12003,932,907.32
12004,932,912.21
12005,932,921.11
12006,932,913.26
12007,932,919.51
12008,932,901.82
12009,932,923.17
12010,932,919.93
12011,932,905.99
12012,932,906.25
12013,932,911.74
12014,932,917.52
12015,932,922.5
12016,932,914.54
12017,932,916.59
12018,932,899.12
12019,932,915.4
12020,932,913.86
12021,932,917.08
12022,932,914.86
12023,932,919.9
12024,932,917.61
12025,932,908.51
12026,932,918.11
12027,932,909.25
12028,932,917.11
12029,932,917.05
12030,932,919.64
12031,932,915.93
12032,932,915.4
12033,932,908.28
12034,932,910.46
12035,932,916.95
12036,932,909.09
12037,932,914.1
12038,932,914.96
12039,932,920.72
12040,932,903.47
12041,932,920.56
12042,932,920.25
12043,932,923.08
12044,932,900.9
12045,932,917.65
12046,932,909.13
12047,932,920.94
12048,932,919.59
12049,932,920.14
12050,932,910.5
12051,932,915.02
12052,932,915.69
12053,932,900.53
12054,932,909.39
12055,932,923.08
12056,932,918.47
12057,932,915.84
12058,932,905.49
12059,932,922.48
12060,932,921.65
12061,932,917.23
12062,932,893.68
12063,932,892.02
12064,932,902.39
12065,932,903.57
12066,932,913.24
12067,932,924.02
12068,932,917.18
12069,932,900.62
12070,932,913.54
12071,932,911.77
12072,932,912.26
12073,932,919.55
12074,932,917.69
12075,932,905.65
12076,932,917.37
12077,932,917.74
12078,932,902.78
12079,932,917.19
12080,932,911.65
12081,932,912.67
12082,932,907.91
12083,932,919.81
12084,932,909.64
12085,932,919.96
12086,932,910.14
12087,932,914.6
12088,932,901.34
12089,932,915.42
12090,932,920.66
12091,932,917.6
12092,932,912.41
12093,932,917.45
12094,932,925.68
12095,932,926.32
12096,932,917.88
12097,932,912.58
12098,932,906.59
12099,932,911.06
12100,932,914.42
12101,932,909.4
12102,932,912.14
12103,932,909.36
12104,932,909.2
12105,932,904.72
12106,932,915.19
12107,932,922.52
12108,932,914.01
12109,932,919.07
12110,932,919.45
12111,932,920.33
12112,932,914.95
12113,932,918.1
12114,932,925.22
12115,932,916.21
12116,932,915.97
12117,932,918.78
12118,932,899.33
12119,932,916.79
12120,932,909.82
12121,932,902.67
12122,932,901.33
12123,932,909.54
12124,932,908.56
12125,932,918.17
12126,932,917.22
12127,932,920.05
12128,932,919.41
12129,932,917.96
12130,932,906.94
12131,932,903.58
12132,932,926.15
12133,932,921.65
12134,932,912.45
12135,932,910.23
12136,932,913.81
12137,932,906.8
12138,932,914.98
12139,932,905.44
12140,932,923.74
12141,932,916.31
12142,932,907.51
12143,932,906.08
12144,932,918.86
12145,932,916.4
12146,932,918.25
12147,932,892.82
12148,932,913.44
12149,932,919.18
12150,932,917.85
12151,932,918.76
12152,932,917.63
12153,932,910.13
12154,932,919.18
12155,932,915.46
12156,932,912.46
12157,932,915.8
12158,932,907.63
12159,932,910.65
12160,932,922.09
12161,932,910.03
12162,932,916.86
12163,932,916.46
12164,932,919.96
12165,932,905.4
12166,932,902.93
12167,932,913.2
12168,932,914.36
12169,932,896.0
12170,932,919.92
12171,932,920.59
12172,932,908.46
12173,932,924.64
12174,932,920.49
12175,932,907.06
12176,932,919.23
12177,932,901.7
12178,932,917.0
12179,932,915.55
12180,932,915.03
12181,932,921.62
12182,932,913.14
12183,932,903.24
12184,932,909.42
12185,932,910.28
12186,932,908.8
12187,932,918.23
12188,932,898.33
12189,932,923.4
12190,932,912.63
12191,932,918.07
12192,932,920.11
12193,932,914.82
12194,932,899.71
12195,932,901.24
12196,932,917.25
12197,932,919.45
12198,932,914.7
12199,932,897.32
12200,932,898.52
12201,932,896.32
12202,932,912.3
12203,932,918.45
12204,932,902.7
12205,932,910.64
12206,932,912.02
12207,932,916.35
12208,932,923.95
12209,932,923.11
12210,932,901.35
12211,932,917.78
12212,932,921.7
12213,932,918.93
12214,932,899.66
12215,932,920.48
12216,932,918.96
12217,932,921.16
12218,932,914.9
12219,932,914.58
12220,932,908.08
12221,932,916.58
12222,932,910.0
12223,932,912.77
12224,932,917.73
12225,932,913.49
12226,932,916.3
12227,932,905.41
12228,932,912.57
12229,932,915.38
12230,932,909.85
12231,932,916.62
12232,932,915.17
12233,932,911.28
12234,932,914.13
12235,932,925.83
12236,932,904.57
12237,932,905.16
12238,932,923.32
12239,932,906.07
12240,932,915.12
12241,932,917.4
12242,932,919.48
12243,932,899.27
12244,932,906.41
12245,932,903.67
12246,932,914.3
12247,932,910.08
12248,932,915.16
12249,932,903.61
12250,932,892.33
12251,932,903.64
12252,932,905.96
12253,932,915.4
12254,932,900.25
12255,932,915.19
12256,932,908.74
12257,932,915.66
12258,932,901.03
12259,932,914.78
12260,932,905.63
12261,932,901.55
12262,932,915.23
12263,932,923.21
12264,932,915.3
12265,932,924.35
12266,932,923.02
12267,932,911.64
12268,932,910.09
12269,932,916.37
12270,932,915.15
12271,932,921.64
12272,932,901.54
12273,932,920.62
12274,932,899.44
12275,932,912.3
12276,932,906.25
12277,932,913.02
12278,932,905.8
12279,932,908.72
12280,932,917.14
12281,932,906.47
12282,932,912.37
12283,932,918.31
12284,932,916.99
12285,932,895.92
12286,932,917.07
12287,932,916.95
12288,932,906.65
12289,932,920.33
12290,932,924.99
12291,932,920.36
12292,932,910.71
12293,932,912.94
12294,932,907.39
12295,932,917.89
12296,932,916.1
12297,932,913.44
12298,932,919.08
12299,932,903.44
12300,932,906.02
12301,932,919.35
12302,932,918.01
12303,932,922.92
12304,932,922.72
12305,932,916.65
12306,932,909.54
12307,932,915.48
12308,932,912.38
12309,932,907.64
12310,932,910.9
12311,932,907.66
12312,932,918.07
12313,932,919.55
12314,932,923.15
12315,932,912.63
12316,932,905.4
12317,932,898.11
12318,932,919.14
12319,932,915.11
12320,932,910.04
12321,932,929.04
12322,932,912.0
12323,932,916.7
12324,932,910.49
12325,932,898.5
12326,932,915.38
12327,932,916.85
12328,932,913.55
12329,932,915.75
12330,932,919.83
12331,932,917.34
12332,932,904.3
12333,932,904.0
12334,932,919.18
12335,932,917.08
12336,932,920.52
12337,932,903.6
12338,932,920.44
12339,932,922.38
12340,932,906.53
12341,932,914.37
12342,932,917.73
12343,932,906.62
12344,932,906.04
12345,932,913.24
12346,932,907.66
12347,932,926.48
12348,932,911.7
12349,932,905.14
12350,932,911.91
12351,932,913.31
12352,932,910.33
12353,932,914.21
12354,932,902.64
12355,932,915.4
12356,932,921.41
12357,932,922.65
12358,932,919.23
12359,932,910.88
12360,932,917.86
12361,932,910.28
12362,932,905.65
12363,932,900.49
12364,932,912.01
12365,932,915.03
12366,932,906.99
12367,932,908.26
12368,932,915.35
12369,932,915.96
12370,932,897.25
12371,932,911.87
12372,932,910.58
12373,932,908.95
12374,932,917.21
12375,932,915.0
12376,932,915.27
12377,932,920.52
12378,932,913.71
12379,932,911.95
12380,932,916.12
12381,932,909.49
12382,932,916.46
12383,932,916.57
12384,932,911.63
12385,932,915.5
12386,932,915.49
12387,932,905.17
12388,932,910.24
12389,932,912.61
12390,932,912.67
12391,932,915.52
12392,932,911.11
12393,932,920.46
12394,932,917.75
12395,932,914.86
12396,932,909.17
12397,932,918.99
12398,932,907.55
12399,932,910.5
12400,932,911.62
12401,932,903.19
12402,932,916.58
12403,932,915.1
12404,932,921.97
12405,932,898.77
12406,932,919.35
12407,932,911.04
12408,932,912.69
12409,932,914.42
12410,932,916.08
12411,932,911.51
12412,932,910.72
12413,932,904.44
12414,932,908.87
12415,932,907.78
12416,932,905.16
12417,932,912.15
12418,932,901.78
12419,932,908.89
12420,932,928.85
12421,932,891.94
12422,932,905.1
12423,932,915.86
12424,932,915.08
12425,932,911.24
12426,932,910.08
12427,932,912.04
12428,932,916.88
12429,932,915.83
12430,932,897.41
12431,932,900.91
12432,932,921.45
12433,932,909.24
12434,932,918.13
12435,932,921.94
12436,932,917.84
12437,932,915.51
12438,932,907.51
12439,932,898.59
12440,932,918.32
12441,932,913.08
12442,932,914.08
12443,932,910.65
12444,932,921.35
12445,932,918.61
12446,932,915.82
12447,932,910.1
12448,932,915.34
12449,932,899.0
12450,932,909.59
12451,932,917.78
12452,932,908.68
12453,932,895.78
12454,932,918.55
12455,932,909.82
12456,932,920.44
12457,932,918.14
12458,932,918.26
12459,932,917.79
12460,932,911.84
12461,932,920.42
12462,932,916.28
12463,932,913.86
12464,932,917.04
12465,932,916.18
12466,932,918.27
12467,932,909.05
12468,932,891.78
12469,932,913.2
12470,932,908.78
12471,932,901.3
12472,932,919.26
12473,932,902.07
12474,932,917.69
12475,932,900.19
12476,932,916.93
12477,932,905.39
12478,932,909.25
12479,932,915.54
12480,932,906.74
12481,932,910.04
12482,932,914.85
12483,932,902.4
12484,932,922.48
12485,932,904.76
12486,932,915.49
12487,932,902.86
12488,932,923.79
12489,932,920.77
12490,932,909.97
12491,932,920.73
12492,932,906.56
12493,932,921.85
12494,932,922.56
12495,932,910.61
12496,932,908.49
12497,932,914.03
12498,932,906.45
12499,932,922.56
12500,932,918.67
12501,932,919.24
12502,932,925.97
12503,932,912.77
12504,932,911.04
12505,932,906.78
12506,932,914.03
12507,932,917.19
12508,932,921.94
12509,932,919.48
12510,932,912.83
12511,932,922.5
12512,932,912.81
12513,932,918.96
12514,932,915.91
12515,932,914.05
12516,932,915.56
12517,932,914.62
12518,932,923.87
12519,932,922.17
12520,932,909.59
12521,932,914.17
12522,932,904.87
12523,932,926.45
12524,932,915.7
12525,932,902.9
12526,932,900.07
12527,932,914.29
12528,932,918.43
12529,932,925.28
12530,932,919.5
12531,932,913.75
12532,932,923.42
12533,932,925.72
12534,932,913.37
12535,932,901.31
12536,932,909.0
12537,932,913.53
12538,932,919.08
12539,932,905.31
12540,932,922.33
12541,932,923.13
12542,932,907.73
12543,932,909.29
12544,932,910.16
12545,932,922.5
12546,932,920.47
12547,932,913.4
12548,932,918.32
12549,932,914.19
12550,932,915.14
12551,932,918.41
12552,932,909.57
12553,932,921.58
12554,932,916.03
12555,932,908.01
12556,932,905.73
12557,932,909.19
12558,932,915.13
12559,932,922.07
12560,932,912.41
12561,932,915.93
12562,932,906.21
12563,932,915.86
12564,932,920.16
12565,932,922.25
12566,932,913.84
12567,932,918.03
12568,932,924.36
12569,932,916.75
12570,932,915.53
12571,932,919.69
12572,932,921.42
12573,932,916.02
12574,932,914.3
12575,932,896.53
12576,932,913.91
12577,932,919.56
12578,932,916.54
12579,932,905.55
12580,932,910.85
12581,932,911.26
12582,932,920.64
12583,932,909.71
12584,932,909.5
12585,932,903.97
12586,932,918.04
12587,932,908.02
12588,932,910.73
12589,932,914.28
12590,932,918.9
12591,932,919.84
12592,932,917.03
12593,932,911.94
12594,932,907.15
12595,932,880.58
12596,932,911.9
12597,932,912.32
12598,932,915.9
12599,932,920.44
12600,932,912.04
12601,932,912.4
12602,932,919.75
12603,932,901.17
12604,932,911.47
12605,932,913.33
12606,932,919.1
12607,932,916.28
12608,932,910.57
12609,932,920.87
12610,932,915.74
12611,932,912.11
12612,932,908.48
12613,932,921.01
12614,932,906.99
12615,932,909.69
12616,932,903.12
12617,932,912.07
12618,932,913.36
12619,932,914.08
12620,932,923.37
12621,932,897.96
12622,932,922.17
12623,932,921.56
12624,932,916.28
12625,932,920.18
12626,932,910.12
12627,932,921.28
12628,932,916.89
12629,932,912.01
12630,932,918.0
12631,932,908.85
12632,932,923.04
12633,932,920.07
12634,932,918.99
12635,932,912.62
12636,932,906.43
12637,932,918.35
12638,932,917.94
12639,932,913.5
12640,932,918.41
12641,932,920.19
12642,932,914.52
12643,932,914.31
12644,932,909.51
12645,932,924.96
12646,932,903.96
12647,932,923.3
12648,932,910.33
12649,932,915.48
12650,932,898.91
12651,932,916.48
12652,932,920.6
12653,932,902.78
12654,932,912.7
12655,932,901.23
12656,932,907.06
12657,932,909.38
12658,932,904.5
12659,932,906.32
12660,932,904.86
12661,932,903.08
12662,932,915.11
12663,932,916.66
12664,932,906.13
12665,932,925.92
12666,932,912.61
12667,932,922.51
12668,932,914.18
12669,932,922.59
12670,932,914.88
12671,932,921.19
12672,932,909.42
12673,932,919.88
12674,932,899.06
12675,932,923.28
12676,932,916.92
12677,932,914.19
12678,932,916.39
12679,932,918.62
12680,932,906.02
12681,932,918.97
12682,932,914.14
12683,932,922.27
12684,932,926.13
12685,932,909.54
12686,932,909.76
12687,932,914.78
12688,932,908.61
12689,932,906.75
12690,932,923.18
12691,932,914.47
12692,932,908.07
12693,932,915.78
12694,932,918.13
12695,932,927.2
12696,932,916.47
12697,932,904.78
12698,932,927.09
12699,932,920.14
12700,932,917.71
12701,932,906.85
12702,932,910.57
12703,932,898.55
12704,932,902.51
12705,932,912.41
12706,932,908.99
12707,932,911.2
12708,932,900.59
12709,932,901.97
12710,932,912.57
12711,932,915.39
12712,932,893.65
12713,932,915.74
12714,932,924.46
12715,932,913.08
12716,932,917.7
12717,932,915.03
12718,932,913.91
12719,932,917.94
12720,932,920.25
12721,932,913.73
12722,932,910.68
12723,932,905.93
12724,932,914.32
12725,932,908.11
12726,932,902.98
12727,932,912.46
12728,932,901.94
12729,932,918.0
12730,932,904.13
12731,932,917.57
12732,932,918.09
12733,932,905.61
12734,932,908.42
12735,932,915.94
12736,932,913.88
12737,932,917.28
12738,932,909.62
12739,932,926.26
12740,932,913.72
12741,932,903.29
12742,932,917.04
12743,932,913.71
12744,932,918.79
12745,932,916.59
12746,932,923.32
12747,932,893.3
12748,932,912.96
12749,932,918.08
12750,932,907.75
12751,932,906.3
12752,932,910.76
12753,932,907.29
12754,932,925.57
12755,932,927.76
12756,932,914.19
12757,932,909.89
12758,932,905.97
12759,932,920.01
12760,932,913.28
12761,932,909.53
12762,932,916.73
12763,932,917.09
12764,932,909.5
12765,932,907.46
12766,932,926.33
12767,932,913.53
12768,932,911.64
12769,932,912.56
12770,932,906.75
12771,932,912.99
12772,932,919.61
12773,932,918.9
12774,932,915.76
12775,932,922.18
12776,932,917.61
12777,932,911.06
12778,932,910.35
12779,932,917.48
12780,932,920.21
12781,932,906.36
12782,932,907.8
12783,932,915.53
12784,932,918.82
12785,932,920.16
12786,932,917.57
12787,932,921.62
12788,932,907.17
12789,932,919.76
12790,932,912.58
12791,932,904.56
12792,932,914.0
12793,932,927.23
12794,932,901.51
12795,932,915.4
12796,932,918.47
12797,932,916.71
12798,932,922.59
12799,932,909.27
12800,932,909.78
12801,932,901.72
12802,932,902.88
12803,932,921.28
12804,932,916.36
12805,932,908.31
12806,932,915.17
12807,932,907.02
12808,932,925.45
12809,932,911.05
12810,932,919.21
12811,932,916.86
12812,932,911.47
12813,932,921.44
12814,932,908.41
12815,932,894.76
12816,932,903.4
12817,932,911.78
12818,932,916.01
12819,932,917.75
12820,932,903.76
12821,932,913.0
12822,932,909.92
12823,932,915.74
12824,932,911.54
12825,932,914.75
12826,932,912.62
12827,932,909.07
12828,932,920.96
12829,932,912.12
12830,932,904.45
12831,932,901.34
12832,932,915.9
12833,932,914.4
12834,932,913.69
12835,932,912.17
12836,932,912.0
12837,932,918.5
12838,932,904.96
12839,932,920.98
12840,932,905.79
12841,932,894.37
12842,932,921.54
12843,932,912.49
12844,932,915.05
12845,932,919.7
12846,932,900.58
12847,932,911.67
12848,932,908.66
12849,932,915.31
12850,932,914.31
12851,932,900.01
12852,932,900.74
12853,932,909.69
12854,932,897.42
12855,932,924.72
12856,932,913.62
12857,932,908.48
12858,932,909.56
12859,932,904.23
12860,932,905.9
12861,932,903.41
12862,932,916.42
12863,932,924.78
12864,932,916.76
12865,932,908.3
12866,932,917.43
12867,932,917.81
12868,932,921.24
12869,932,912.33
12870,932,904.78
12871,932,914.4
12872,932,917.08
12873,932,908.93
12874,932,921.89
12875,932,918.37
12876,932,910.79
12877,932,905.75
12878,932,902.84
12879,932,915.78
12880,932,909.46
12881,932,921.53
12882,932,916.54
12883,932,905.45
12884,932,902.2
12885,932,912.44
12886,932,900.77
12887,932,921.17
12888,932,909.1
12889,932,909.2
12890,932,917.92
12891,932,917.38
12892,932,905.51
12893,932,919.04
12894,932,915.68
12895,932,914.57
12896,932,925.32
12897,932,911.0
12898,932,925.73
12899,932,918.73
12900,932,893.06
12901,932,922.01
12902,932,910.1
12903,932,913.69
12904,932,908.43
12905,932,912.4
12906,932,920.69
12907,932,908.99
12908,932,914.03
12909,932,918.25
12910,932,916.34
12911,932,922.18
12912,932,908.37
12913,932,924.63
12914,932,916.24
12915,932,921.98
12916,932,923.35
12917,932,905.14
12918,932,922.51
12919,932,913.71
12920,932,908.55
12921,932,920.35
12922,932,913.39
12923,932,922.33
12924,932,901.15
12925,932,914.3
12926,932,912.24
12927,932,919.75
12928,932,910.19
12929,932,911.14
12930,932,918.42
12931,932,905.91
12932,932,915.21
12933,932,917.67
12934,932,914.23
12935,932,928.88
12936,932,922.62
12937,932,913.44
12938,932,925.62
12939,932,927.0
12940,932,894.31
12941,932,924.67
12942,932,921.17
12943,932,915.78
12944,932,905.64
12945,932,904.09
12946,932,907.81
12947,932,918.84
12948,932,922.92
12949,932,907.24
12950,932,914.63
12951,932,899.53
12952,932,916.19
12953,932,915.33
12954,932,913.46
12955,932,911.17
12956,932,920.19
12957,932,915.31
12958,932,924.52
12959,932,916.0
12960,932,921.67
12961,932,916.15
12962,932,914.56
12963,932,915.03
12964,932,904.29
12965,932,904.31
12966,932,904.1
12967,932,917.46
12968,932,916.75
12969,932,912.23
12970,932,906.97
12971,932,913.27
12972,932,903.37
12973,932,910.54
12974,932,912.1
12975,932,914.92
12976,932,917.81
12977,932,901.12
12978,932,921.06
12979,932,914.76
12980,932,921.12
12981,932,920.03
12982,932,913.24
12983,932,915.05
12984,932,899.93
12985,932,921.72
12986,932,917.35
12987,932,911.71
12988,932,913.38
12989,932,909.09
12990,932,914.35
12991,932,891.79
12992,932,918.2
12993,932,913.77
12994,932,916.49
12995,932,913.53
12996,932,917.06
12997,932,921.12
12998,932,917.42
12999,932,919.0
13000,932,920.16
13001,932,897.1
13002,932,919.09
13003,932,916.3
13004,932,915.55
13005,932,916.32
13006,932,910.59
13007,932,916.97
13008,932,906.0
13009,932,920.47
13010,932,904.52
13011,932,914.01
13012,932,906.35
13013,932,919.87
13014,932,916.81
13015,932,912.66
13016,932,911.04
13017,932,919.59
13018,932,914.35
13019,932,904.25
13020,932,919.31
13021,932,910.5
13022,932,896.46
13023,932,917.48
13024,932,907.88
13025,932,908.24
13026,932,904.54
13027,932,904.74
13028,932,921.04
13029,932,910.77
13030,932,915.09
13031,932,923.72
13032,932,926.0
13033,932,917.52
13034,932,921.26
13035,932,916.78
13036,932,919.39
13037,932,912.65
13038,932,912.12
13039,932,911.18
13040,932,921.06
13041,932,920.83
13042,932,917.06
13043,932,914.09
13044,932,922.17
13045,932,910.65
13046,932,916.52
13047,932,914.69
13048,932,913.89
13049,932,911.33
13050,932,911.85
13051,932,913.69
13052,932,913.71
13053,932,916.48
13054,932,907.85
13055,932,917.74
13056,932,917.4
13057,932,921.4
13058,932,917.02
13059,932,908.27
13060,932,912.11
13061,932,910.32
13062,932,900.12
13063,932,912.6
13064,932,915.81
13065,932,917.12
13066,932,920.78
13067,932,923.03
13068,932,910.41
13069,932,905.81
13070,932,913.15
13071,932,913.81
13072,932,914.74
13073,932,910.54
13074,932,920.14
13075,932,907.96
13076,932,905.29
13077,932,912.76
13078,932,916.52
13079,932,911.39
13080,932,914.22
13081,932,895.38
13082,932,913.08
13083,932,917.3
13084,932,921.37
13085,932,925.02
13086,932,923.02
13087,932,916.95
13088,932,915.56
13089,932,920.96
13090,932,920.82
13091,932,923.65
13092,932,915.35
13093,932,916.35
13094,932,911.48
13095,932,915.7
13096,932,915.43
13097,932,909.39
13098,932,923.64
13099,932,914.5
13100,932,922.23
13101,932,919.39
13102,932,895.79
13103,932,916.5
13104,932,918.88
13105,932,912.17
13106,932,922.41
13107,932,918.24
13108,932,920.7
13109,932,904.73
13110,932,908.68
13111,932,923.39
13112,932,906.43
13113,932,915.18
13114,932,901.36
13115,932,904.17
13116,932,917.16
13117,932,917.43
13118,932,915.17
13119,932,914.02
13120,932,917.8
13121,932,910.92
13122,932,908.67
13123,932,918.52
13124,932,919.12
13125,932,919.52
13126,932,917.33
13127,932,903.12
13128,932,925.06
13129,932,926.63
13130,932,904.91
13131,932,913.72
13132,932,904.87
13133,932,906.98
13134,932,892.16
13135,932,921.32
13136,932,906.92
13137,932,906.22
13138,932,909.13
13139,932,904.84
13140,932,907.39
13141,932,907.05
13142,932,914.62
13143,932,924.39
13144,932,916.19
13145,932,919.41
13146,932,920.48
13147,932,901.47
13148,932,908.28
13149,932,903.85
13150,932,913.88
13151,932,918.35
13152,932,912.5
13153,932,921.77
13154,932,902.02
13155,932,903.41
13156,932,915.63
13157,932,914.73
13158,932,914.79
13159,932,919.22
13160,932,916.57
13161,932,904.59
13162,932,922.31
13163,932,894.89
13164,932,915.07
13165,932,908.4
13166,932,904.36
13167,932,907.7
13168,932,921.22
13169,932,916.74
13170,932,907.39
13171,932,920.84
13172,932,912.13
13173,932,899.73
13174,932,899.31
13175,932,920.02
13176,932,912.16
13177,932,908.79
13178,932,909.14
13179,932,919.18
13180,932,916.71
13181,932,923.56
13182,932,910.35
13183,932,912.15
13184,932,890.99
13185,932,904.17
13186,932,899.74
13187,932,917.24
13188,932,909.47
13189,932,903.62
13190,932,914.6
13191,932,913.5
13192,932,918.93
13193,932,917.78
13194,932,906.41
13195,932,911.24
13196,932,912.64
13197,932,907.36
13198,932,906.03
13199,932,911.19
13200,932,911.45
13201,932,913.54
13202,932,916.93
13203,932,917.08
13204,932,920.18
13205,932,910.75
13206,932,904.94
13207,932,920.15
13208,932,913.84
13209,932,912.57
13210,932,894.93
13211,932,916.9
13212,932,920.83
13213,932,908.61
13214,932,918.96
13215,932,912.24
13216,932,904.94
13217,932,919.8
13218,932,911.16
13219,932,916.18
13220,932,892.72
13221,932,915.28
13222,932,915.94
13223,932,917.27
13224,932,916.88
13225,932,921.26
13226,932,913.6
13227,932,916.91
13228,932,918.81
13229,932,909.31
13230,932,926.76
13231,932,917.52
13232,932,917.4
13233,932,911.44
13234,932,896.88
13235,932,906.11
13236,932,910.89
13237,932,916.8
13238,932,912.54
13239,932,912.98
13240,932,908.26
13241,932,910.25
13242,932,908.7
13243,932,915.31
13244,932,904.48
13245,932,919.02
13246,932,911.71
13247,932,915.42
13248,932,915.55
13249,932,916.3
13250,932,910.19
13251,932,916.68
13252,932,911.61
13253,932,913.05
13254,932,924.12
13255,932,902.1
13256,932,908.34
13257,932,918.41
13258,932,913.31
13259,932,906.41
13260,932,922.24
13261,932,913.07
13262,932,896.01
13263,932,912.89
13264,932,912.42
13265,932,916.36
13266,932,902.39
13267,932,921.87
13268,932,916.95
13269,932,913.73
13270,932,921.36
13271,932,913.34
13272,932,912.43
13273,932,919.87
13274,932,910.55
13275,932,906.54
13276,932,916.89
13277,932,901.46
13278,932,907.32
13279,932,913.34
13280,932,920.67
13281,932,908.84
13282,932,898.86
13283,932,916.8
13284,932,914.04
13285,932,913.36
13286,932,911.46
13287,932,907.43
13288,932,920.73
13289,932,895.43
13290,932,919.67
13291,932,907.8
13292,932,911.07
13293,932,910.13
13294,932,893.31
13295,932,910.61
13296,932,905.09
13297,932,908.1
13298,932,912.71
13299,932,917.71
13300,932,914.08
13301,932,924.3
13302,932,913.9
13303,932,920.29
13304,932,915.91
13305,932,916.15
13306,932,912.97
13307,932,912.22
13308,932,922.95
13309,932,916.27
13310,932,899.54
13311,932,917.82
13312,932,917.99
13313,932,917.47
13314,932,913.7
13315,932,926.4
13316,932,921.53
13317,932,911.49
13318,932,913.69
13319,932,906.73
13320,932,914.47
13321,932,925.23
13322,932,909.8
13323,932,925.6
13324,932,912.41
13325,932,919.16
13326,932,919.41
13327,932,918.98
13328,932,919.38
13329,932,918.37
13330,932,914.32
13331,932,901.71
13332,932,917.04
13333,932,913.41
13334,932,911.5
13335,932,909.12
13336,932,917.41
13337,932,911.73
13338,932,897.88
13339,932,914.52
13340,932,896.71
13341,932,906.22
13342,932,919.93
13343,932,909.69
13344,932,913.42
13345,932,913.18
13346,932,915.43
13347,932,912.04
13348,932,896.14
13349,932,902.35
13350,932,912.76
13351,932,902.44
13352,932,916.35
13353,932,915.57
13354,932,917.98
13355,932,912.4
13356,932,909.47
13357,932,913.99
13358,932,917.74
13359,932,913.0
13360,932,907.26
13361,932,916.08
13362,932,911.78
13363,932,911.68
13364,932,922.56
13365,932,905.36
13366,932,908.37
13367,932,918.6
13368,932,915.73
13369,932,907.56
13370,932,926.92
13371,932,906.82
13372,932,917.04
13373,932,909.23
13374,932,911.63
13375,932,907.79
13376,932,913.18
13377,932,909.07
13378,932,922.33
13379,932,901.96
13380,932,910.27
13381,932,904.69
13382,932,915.63
13383,932,909.05
13384,932,900.65
13385,932,921.74
13386,932,913.67
13387,932,923.81
13388,932,906.27
13389,932,925.77
13390,932,912.9
13391,932,907.46
13392,932,898.29
13393,932,907.68
13394,932,924.18
13395,932,918.71
13396,932,924.0
13397,932,902.29
13398,932,917.28
13399,932,906.91
13400,932,917.48
13401,932,905.4
13402,932,926.41
13403,932,918.01
13404,932,922.58
13405,932,923.43
13406,932,896.85
13407,932,914.29
13408,932,913.39
13409,932,911.51
13410,932,899.05
13411,932,906.32
13412,932,916.68
13413,932,894.14
13414,932,893.67
13415,932,915.41
13416,932,905.64
13417,932,903.99
13418,932,904.3
13419,932,915.33
13420,932,904.11
13421,932,921.03
13422,932,914.73
13423,932,919.16
13424,932,912.78
13425,932,904.13
13426,932,912.48
13427,932,905.88
13428,932,912.36
13429,932,910.41
13430,932,913.4
13431,932,911.36
13432,932,915.3
13433,932,911.74
13434,932,901.4
13435,932,912.85
13436,932,916.79
13437,932,914.93
13438,932,913.23
13439,932,917.85
13440,932,913.05
13441,932,898.0
13442,932,916.28
13443,932,904.77
13444,932,917.19
13445,932,894.6
13446,932,917.9
13447,932,920.83
13448,932,902.35
13449,932,908.2
13450,932,917.53
13451,932,910.17
13452,932,912.64
13453,932,921.9
13454,932,923.18
13455,932,901.14
13456,932,925.2
13457,932,910.55
13458,932,917.5
13459,932,906.54
13460,932,913.09
13461,932,915.1
13462,932,915.2
13463,932,912.41
13464,932,915.54
13465,932,910.48
13466,932,919.52
13467,932,908.98
13468,932,897.74
13469,932,913.25
13470,932,916.77
13471,932,908.94
13472,932,921.47
13473,932,917.37
13474,932,904.83
13475,932,922.21
13476,932,918.69
13477,932,914.7
13478,932,914.26
13479,932,924.29
13480,932,917.17
13481,932,904.76
13482,932,917.53
13483,932,925.05
13484,932,918.32
13485,932,922.67
13486,932,918.76
13487,932,909.9
13488,932,909.91
13489,932,914.81
13490,932,906.22
13491,932,904.32
13492,932,909.65
13493,932,920.95
13494,932,912.44
13495,932,900.66
13496,932,911.76
13497,932,907.94
13498,932,913.21
13499,932,904.75
13500,932,912.3
13501,932,926.31
13502,932,899.16
13503,932,914.21
13504,932,921.46
13505,932,906.02
13506,932,911.43
13507,932,919.09
13508,932,901.82
13509,932,924.96
13510,932,908.41
13511,932,921.71
13512,932,915.54
13513,932,908.51
13514,932,912.91
13515,932,912.04
13516,932,904.93
13517,932,914.25
13518,932,914.84
13519,932,909.58
13520,932,920.84
13521,932,905.49
13522,932,906.0
13523,932,923.17
13524,932,903.43
13525,932,910.82
13526,932,924.53
13527,932,923.07
13528,932,909.09
13529,932,922.37
13530,932,916.37
13531,932,912.89
13532,932,906.21
13533,932,900.44
13534,932,917.4
13535,932,913.84
13536,932,916.74
13537,932,915.3
13538,932,900.36
13539,932,911.67
13540,932,911.07
13541,932,917.0
13542,932,919.54
13543,932,900.18
13544,932,901.88
13545,932,903.15
13546,932,900.0
13547,932,909.84
13548,932,916.5
13549,932,907.68
13550,932,920.19
13551,932,909.42
13552,932,916.37
13553,932,907.96
13554,932,913.73
13555,932,918.93
13556,932,916.86
13557,932,919.29
13558,932,914.5
13559,932,920.0
13560,932,922.73
13561,932,886.81
13562,932,920.93
13563,932,901.53
13564,932,911.57
13565,932,907.9
13566,932,910.8
13567,932,909.85
13568,932,922.24
13569,932,914.16
13570,932,926.11
13571,932,917.74
13572,932,909.11
13573,932,904.38
13574,932,910.46
13575,932,915.98
13576,932,911.16
13577,932,916.68
13578,932,910.21
13579,932,910.83
13580,932,917.49
13581,932,914.94
13582,932,907.09
13583,932,912.83
13584,932,920.11
13585,932,913.76
13586,932,909.61
13587,932,906.33
13588,932,912.44
13589,932,908.43
13590,932,915.19
13591,932,908.63
13592,932,923.11
13593,932,898.09
13594,932,906.93
13595,932,918.84
13596,932,914.68
13597,932,912.88
13598,932,915.67
13599,932,916.94
13600,932,907.98
13601,932,906.66
13602,932,919.53
13603,932,903.95
13604,932,914.22
13605,932,905.37
13606,932,894.68
13607,932,922.63
13608,932,910.98
13609,932,923.99
13610,932,903.91
13611,932,916.61
13612,932,917.19
13613,932,918.8
13614,932,923.88
13615,932,910.45
13616,932,914.3
13617,932,904.84
13618,932,911.79
13619,932,914.91
13620,932,900.49
13621,932,904.31
13622,932,900.62
13623,932,895.78
13624,932,923.57
13625,932,913.98
13626,932,896.18
13627,932,907.2
13628,932,908.66
13629,932,915.34
13630,932,913.27
13631,932,914.68
13632,932,911.73
13633,932,920.57
13634,932,896.56
13635,932,901.17
13636,932,894.12
13637,932,915.12
13638,932,910.54
13639,932,924.52
13640,932,916.28
13641,932,909.88
13642,932,912.92
13643,932,921.5
13644,932,922.59
13645,932,913.66
13646,932,907.34
13647,932,899.4
13648,932,915.25
13649,932,920.13
13650,932,916.24
13651,932,920.21
13652,932,910.24
13653,932,917.98
13654,932,915.93
13655,932,907.31
13656,932,907.33
13657,932,918.87
13658,932,920.79
13659,932,923.18
13660,932,910.32
13661,932,906.12
13662,932,912.63
13663,932,900.79
13664,932,902.22
13665,932,904.18
13666,932,911.91
13667,932,914.66
13668,932,917.67
13669,932,902.57
13670,932,921.97
13671,932,910.36
13672,932,907.79
13673,932,899.85
13674,932,914.59
13675,932,910.27
13676,932,921.85
13677,932,921.46
13678,932,905.21
13679,932,917.17
13680,932,913.69
13681,932,913.28
13682,932,917.37
13683,932,906.95
13684,932,903.33
13685,932,910.93
13686,932,911.86
13687,932,917.12
13688,932,909.14
13689,932,916.97
13690,932,912.41
13691,932,917.83
13692,932,922.66
13693,932,906.51
13694,932,901.13
13695,932,903.15
13696,932,922.15
13697,932,915.57
13698,932,921.29
13699,932,904.29
13700,932,920.36
13701,932,911.08
13702,932,910.52
13703,932,909.75
13704,932,919.1
13705,932,917.68
13706,932,916.0
13707,932,914.07
13708,932,920.66
13709,932,908.56
13710,932,915.14
13711,932,906.99
13712,932,918.33
13713,932,908.73
13714,932,914.79
13715,932,908.87
13716,932,918.96
13717,932,916.73
13718,932,903.39
13719,932,916.2
13720,932,904.13
13721,932,923.91
13722,932,918.62
13723,932,921.6
13724,932,902.91
13725,932,908.02
13726,932,917.87
13727,932,913.52
13728,932,922.26
13729,932,912.16
13730,932,921.37
13731,932,911.82
13732,932,914.9
13733,932,923.48
13734,932,917.08
13735,932,909.5
13736,932,919.97
13737,932,907.35
13738,932,902.76
13739,932,915.78
13740,932,912.1
13741,932,916.56
13742,932,906.54
13743,932,914.87
13744,932,906.72
13745,932,895.4
13746,932,895.05
13747,932,903.74
13748,932,920.05
13749,932,915.94
13750,932,906.24
13751,932,921.29
13752,932,923.56
13753,932,919.21
13754,932,918.51
13755,932,909.57
13756,932,909.62
13757,932,907.34
13758,932,911.99
13759,932,917.12
13760,932,920.52
13761,932,906.86
13762,932,919.02
13763,932,926.42
13764,932,917.31
13765,932,921.49
13766,932,908.43
13767,932,907.74
13768,932,911.45
13769,932,924.87
13770,932,920.51
13771,932,917.07
13772,932,917.52
13773,932,918.88
13774,932,920.56
13775,932,913.29
13776,932,907.95
13777,932,907.59
13778,932,905.99
13779,932,915.93
13780,932,915.15
13781,932,920.2
13782,932,915.94
13783,932,906.66
13784,932,903.23
13785,932,908.82
13786,932,909.99
13787,932,922.17
13788,932,891.82
13789,932,902.84
13790,932,906.14
13791,932,914.51
13792,932,917.56
13793,932,918.83
13794,932,920.48
13795,932,903.68
13796,932,918.03
13797,932,913.38
13798,932,916.88
13799,932,924.8
13800,932,912.19
13801,932,919.34
13802,932,919.51
13803,932,900.48
13804,932,920.01
13805,932,914.01
13806,932,918.96
13807,932,902.62
13808,932,919.75
13809,932,924.5
13810,932,921.48
13811,932,917.64
13812,932,921.44
13813,932,901.04
13814,932,908.22
13815,932,924.6
13816,932,910.36
13817,932,905.92
13818,932,917.34
13819,932,919.72
13820,932,912.92
13821,932,914.68
13822,932,918.33
13823,932,911.39
13824,932,918.43
13825,932,913.54
13826,932,927.72
13827,932,909.87
13828,932,918.6
13829,932,910.0
13830,932,904.81
13831,932,918.1
13832,932,920.02
13833,932,907.92
13834,932,907.89
13835,932,905.98
13836,932,907.49
13837,932,900.15
13838,932,917.16
13839,932,917.28
13840,932,918.88
13841,932,902.98
13842,932,902.19
13843,932,909.61
13844,932,915.14
13845,932,906.4
13846,932,917.4
13847,932,913.68
13848,932,901.94
13849,932,921.51
13850,932,907.14
13851,932,916.74
13852,932,887.71
13853,932,919.3
13854,932,920.54
13855,932,902.52
13856,932,903.89
13857,932,907.54
13858,932,913.23
13859,932,915.57
13860,932,910.17
13861,932,917.0
13862,932,907.82
13863,932,919.04
13864,932,920.14
13865,932,891.92
13866,932,903.9
13867,932,913.38
13868,932,922.32
13869,932,906.88
13870,932,911.39
13871,932,910.09
13872,932,910.29
13873,932,921.99
13874,932,898.46
13875,932,917.4
13876,932,914.83
13877,932,919.14
13878,932,921.47
13879,932,910.6
13880,932,907.61
13881,932,911.62
13882,932,920.28
13883,932,915.06
13884,932,908.11
13885,932,920.69
13886,932,917.52
13887,932,919.02
13888,932,917.91
13889,932,905.54
13890,932,909.32
13891,932,915.5
13892,932,914.98
13893,932,911.78
13894,932,921.4
13895,932,913.35
13896,932,919.64
13897,932,908.28
13898,932,915.81
13899,932,922.48
13900,932,915.6
13901,932,919.39
13902,932,923.22
13903,932,919.66
13904,932,907.77
13905,932,917.56
13906,932,908.48
13907,932,908.81
13908,932,920.98
13909,932,906.33
13910,932,890.35
13911,932,916.56
13912,932,922.62
13913,932,915.95
13914,932,910.71
13915,932,911.3
13916,932,905.69
13917,932,895.4
13918,932,897.16
13919,932,918.27
13920,932,909.38
13921,932,921.95
13922,932,911.2
13923,932,913.57
13924,932,915.7
13925,932,913.94
13926,932,926.02
13927,932,914.22
13928,932,917.77
13929,932,907.33
13930,932,898.09
13931,932,917.48
13932,932,914.11
13933,932,903.11
13934,932,917.93
13935,932,916.96
13936,932,919.19
13937,932,912.48
13938,932,908.24
13939,932,921.88
13940,932,912.81
13941,932,902.21
13942,932,920.73
13943,932,907.97
13944,932,921.87
13945,932,919.49
13946,932,907.25
13947,932,905.79
13948,932,913.56
13949,932,905.97
13950,932,911.62
13951,932,915.22
13952,932,917.18
13953,932,912.45
13954,932,918.57
13955,932,905.84
13956,932,909.83
13957,932,907.81
13958,932,918.07
13959,932,926.02
13960,932,913.19
13961,932,905.15
13962,932,917.0
13963,932,910.8
13964,932,914.46
13965,932,917.96
13966,932,906.65
13967,932,918.44
13968,932,907.64
13969,932,919.66
13970,932,913.33
13971,932,918.07
13972,932,916.1
13973,932,906.1
13974,932,910.83
13975,932,918.53
13976,932,911.82
13977,932,904.1
13978,932,914.03
13979,932,911.65
13980,932,909.07
13981,932,910.65
13982,932,913.29
13983,932,921.18
13984,932,909.45
13985,932,910.57
13986,932,920.37
13987,932,904.19
13988,932,920.05
13989,932,910.51
13990,932,912.68
13991,932,920.7
13992,932,910.49
13993,932,929.77
13994,932,905.7
13995,932,919.9
13996,932,914.26
13997,932,908.04
13998,932,911.72
13999,932,916.38
14000,932,907.07
14001,932,906.28
14002,932,915.59
14003,932,917.76
14004,932,905.0
14005,932,911.91
14006,932,915.36
14007,932,916.76
14008,932,907.95
14009,932,921.8
14010,932,905.88
14011,932,907.66
14012,932,917.64
14013,932,916.14
14014,932,920.9
14015,932,904.39
14016,932,917.9
14017,932,908.43
14018,932,917.99
14019,932,925.35
14020,932,915.32
14021,932,910.63
14022,932,918.54
14023,932,911.24
14024,932,923.94
14025,932,921.88
14026,932,899.2
14027,932,914.09
14028,932,919.85
14029,932,911.14
14030,932,918.86
14031,932,913.6
14032,932,926.02
14033,932,927.33
14034,932,917.21
14035,932,907.66
14036,932,914.29
14037,932,915.96
14038,932,919.39
14039,932,919.22
14040,932,919.1
14041,932,911.73
14042,932,910.4
14043,932,915.68
14044,932,915.3
14045,932,908.5
14046,932,891.07
14047,932,909.32
14048,932,904.99
14049,932,912.7
14050,932,921.05
14051,932,913.7
14052,932,913.56
14053,932,906.82
14054,932,911.35
14055,932,901.64
14056,932,909.11
14057,932,916.39
14058,932,918.39
14059,932,910.82
14060,932,913.65
14061,932,906.8
14062,932,916.03
14063,932,919.3
14064,932,914.48
14065,932,907.49
14066,932,908.59
14067,932,903.41
14068,932,923.39
14069,932,916.11
14070,932,911.05
14071,932,924.61
14072,932,919.53
14073,932,911.57
14074,932,911.94
14075,932,906.9
14076,932,912.15
14077,932,912.82
14078,932,913.25
14079,932,908.19
14080,932,912.08
14081,932,918.75
14082,932,901.56
14083,932,921.84
14084,932,905.43
14085,932,924.99
14086,932,906.52
14087,932,913.53
14088,932,917.68
14089,932,893.06
14090,932,912.53
14091,932,918.2
14092,932,904.94
14093,932,904.22
14094,932,911.41
14095,932,918.88
14096,932,916.7
14097,932,903.71
14098,932,910.38
14099,932,909.95
14100,932,918.72
14101,932,916.44
14102,932,917.95
14103,932,916.98
14104,932,919.35
14105,932,904.17
14106,932,906.53
14107,932,913.58
14108,932,918.57
14109,932,927.23
14110,932,924.14
14111,932,916.89
14112,932,916.03
14113,932,920.96
14114,932,913.78
14115,932,912.17
14116,932,912.7
14117,932,915.13
14118,932,904.24
14119,932,900.56
14120,932,915.67
14121,932,913.25
14122,932,918.11
14123,932,910.53
14124,932,915.16
14125,932,919.08
14126,932,907.73
14127,932,913.49
14128,932,913.53
14129,932,908.36
14130,932,909.09
14131,932,902.01
14132,932,905.54
14133,932,915.93
14134,932,911.49
14135,932,914.76
14136,932,916.58
14137,932,918.2
14138,932,915.31
14139,932,907.68
14140,932,917.12
14141,932,905.78
14142,932,921.32
14143,932,911.51
14144,932,898.35
14145,932,907.27
14146,932,917.46
14147,932,912.43
14148,932,919.22
14149,932,919.31
14150,932,913.23
14151,932,913.52
14152,932,917.9
14153,932,924.71
14154,932,914.74
14155,932,909.8
14156,932,900.05
14157,932,915.0
14158,932,904.24
14159,932,903.21
14160,932,911.56
14161,932,906.67
14162,932,911.16
14163,932,917.45
14164,932,916.9
14165,932,908.79
14166,932,915.31
14167,932,916.46
14168,932,908.62
14169,932,916.35
14170,932,918.22
14171,932,911.37
14172,932,906.67
14173,932,919.31
14174,932,907.47
14175,932,904.22
14176,932,915.11
14177,932,917.66
14178,932,909.41
14179,932,903.0
14180,932,916.34
14181,932,917.06
14182,932,915.38
14183,932,903.06
14184,932,923.44
14185,932,904.83
14186,932,917.89
14187,932,912.94
14188,932,912.42
14189,932,909.98
14190,932,908.82
14191,932,906.72
14192,932,920.01
14193,932,922.56
14194,932,920.72
14195,932,920.62
14196,932,911.22
14197,932,909.94
14198,932,905.95
14199,932,912.72
14200,932,908.43
14201,932,906.77
14202,932,909.08
14203,932,921.03
14204,932,923.27
14205,932,908.26
14206,932,899.44
14207,932,914.93
14208,932,923.45
14209,932,917.34
14210,932,914.22
14211,932,919.91
14212,932,911.33
14213,932,912.4
14214,932,913.28
14215,932,924.39
14216,932,922.15
14217,932,901.64
14218,932,903.73
14219,932,910.68
14220,932,911.16
14221,932,912.69
14222,932,906.46
14223,932,904.98
14224,932,921.42
14225,932,892.81
14226,932,917.91
14227,932,911.39
14228,932,916.92
14229,932,908.05
14230,932,919.36
14231,932,905.48
14232,932,896.99
14233,932,912.76
14234,932,910.28
14235,932,912.4
14236,932,903.96
14237,932,911.61
14238,932,919.64
14239,932,910.56
14240,932,894.3
14241,932,900.85
14242,932,907.34
14243,932,912.45
14244,932,902.88
14245,932,925.94
14246,932,912.53
14247,932,920.08
14248,932,914.77
14249,932,909.41
14250,932,909.27
14251,932,914.73
14252,932,914.7
14253,932,918.69
14254,932,912.11
14255,932,913.1
14256,932,911.46
14257,932,909.42
14258,932,905.25
14259,932,907.82
14260,932,908.18
14261,932,918.31
14262,932,918.83
14263,932,901.18
14264,932,912.92
14265,932,923.17
14266,932,922.7
14267,932,909.73
14268,932,913.5
14269,932,903.79
14270,932,921.5
14271,932,911.84
14272,932,916.43
14273,932,915.95
14274,932,901.77
14275,932,912.53
14276,932,916.39
14277,932,917.27
14278,932,910.66
14279,932,915.01
14280,932,911.93
14281,932,917.09
14282,932,913.07
14283,932,918.41
14284,932,920.73
14285,932,917.09
14286,932,917.45
14287,932,917.04
14288,932,913.69
14289,932,913.63
14290,932,917.67
14291,932,908.52
14292,932,909.67
14293,932,914.37
14294,932,916.16
14295,932,904.11
14296,932,911.49
14297,932,917.3
14298,932,905.88
14299,932,916.41
14300,932,918.68
14301,932,919.94
14302,932,912.05
14303,932,902.18
14304,932,913.88
14305,932,909.65
14306,932,892.64
14307,932,922.31
14308,932,917.82
14309,932,914.94
14310,932,910.2
14311,932,923.37
14312,932,916.68
14313,932,920.8
14314,932,906.64
14315,932,904.85
14316,932,911.82
14317,932,910.46
14318,932,903.34
14319,932,907.74
14320,932,916.45
14321,932,905.09
14322,932,915.82
14323,932,912.96
14324,932,907.07
14325,932,902.3
14326,932,897.52
14327,932,907.29
14328,932,921.86
14329,932,924.72
14330,932,907.33
14331,932,920.7
14332,932,913.61
14333,932,910.89
14334,932,919.07
14335,932,915.03
14336,932,915.47
14337,932,903.09
14338,932,900.77
14339,932,916.58
14340,932,920.71
14341,932,918.61
14342,932,913.58
14343,932,910.0
14344,932,922.14
14345,932,902.66
14346,932,914.21
14347,932,914.27
14348,932,907.64
14349,932,902.11
14350,932,902.19
14351,932,915.06
14352,932,897.29
14353,932,922.46
14354,932,905.18
14355,932,918.2
14356,932,908.09
14357,932,923.73
14358,932,897.24
14359,932,911.13
14360,932,906.99
14361,932,900.24
14362,932,919.9
14363,932,913.67
14364,932,915.33
14365,932,906.0
14366,932,910.71
14367,932,910.8
14368,932,917.72
14369,932,910.38
14370,932,916.27
14371,932,917.44
14372,932,906.61
14373,932,909.17
14374,932,886.78
14375,932,902.07
14376,932,916.04
14377,932,906.66
14378,932,924.84
14379,932,911.6
14380,932,913.71
14381,932,913.75
14382,932,913.01
14383,932,917.92
14384,932,922.47
14385,932,915.6
14386,932,924.78
14387,932,914.88
14388,932,908.09
14389,932,908.35
14390,932,910.34
14391,932,903.38
14392,932,894.28
14393,932,909.79
14394,932,913.54
14395,932,897.76
14396,932,913.08
14397,932,917.61
14398,932,914.51
14399,932,909.37
14400,932,916.81
14401,932,912.13
14402,932,907.44
14403,932,905.13
14404,932,912.94
14405,932,905.95
14406,932,894.03
14407,932,916.98
14408,932,913.21
14409,932,916.3
14410,932,899.79
14411,932,916.57
14412,932,916.06
14413,932,905.59
14414,932,914.43
14415,932,907.53
14416,932,922.24
14417,932,903.07
14418,932,916.94
14419,932,923.71
14420,932,917.27
14421,932,913.2
14422,932,898.58
14423,932,908.75
14424,932,921.14
14425,932,907.69
14426,932,900.55
14427,932,911.38
14428,932,924.99
14429,932,915.08
14430,932,909.63
14431,932,910.1
14432,932,921.49
14433,932,911.91
14434,932,909.25
14435,932,910.67
14436,932,910.47
14437,932,917.45
14438,932,912.29
14439,932,901.76
14440,932,914.53
14441,932,915.29
14442,932,914.6
14443,932,917.46
14444,932,910.57
14445,932,910.87
14446,932,924.52
14447,932,916.15
14448,932,912.07
14449,932,909.71
14450,932,920.51
14451,932,909.72
14452,932,904.99
14453,932,917.85
14454,932,910.42
14455,932,910.98
14456,932,921.67
14457,932,919.82
14458,932,923.14
14459,932,906.96
14460,932,900.58
14461,932,896.34
14462,932,909.68
14463,932,913.85
14464,932,911.61
14465,932,911.85
14466,932,909.66
14467,932,918.5
14468,932,912.62
14469,932,900.58
14470,932,905.67
14471,932,911.04
14472,932,923.06
14473,932,921.05
14474,932,918.3
14475,932,907.54
14476,932,913.39
14477,932,917.1
14478,932,916.57
14479,932,906.24
14480,932,923.04
14481,932,916.53
14482,932,907.21
14483,932,919.15
14484,932,907.54
14485,932,917.97
14486,932,904.99
14487,932,918.91
14488,932,919.12
14489,932,893.1
14490,932,923.39
14491,932,919.45
14492,932,902.48
14493,932,903.82
14494,932,910.78
14495,932,911.06
14496,932,923.22
14497,932,903.06
14498,932,908.28
14499,932,918.84
14500,932,902.09
14501,932,920.12
14502,932,919.08
14503,932,915.28
14504,932,918.22
14505,932,906.3
14506,932,918.06
14507,932,922.31
14508,932,913.77
14509,932,909.43
14510,932,912.64
14511,932,915.02
14512,932,915.29
14513,932,898.48
14514,932,919.29
14515,932,917.13
14516,932,905.94
14517,932,903.99
14518,932,919.41
14519,932,925.72
14520,932,924.44
14521,932,915.5
14522,932,911.73
14523,932,915.43
14524,932,915.03
14525,932,914.23
14526,932,899.08
14527,932,923.34
14528,932,913.77
14529,932,911.72
14530,932,922.95
14531,932,917.06
14532,932,920.85
14533,932,910.28
14534,932,923.14
14535,932,920.36
14536,932,901.01
14537,932,909.81
14538,932,916.35
14539,932,913.91
14540,932,914.36
14541,932,913.85
14542,932,899.4
14543,932,912.34
14544,932,906.49
14545,932,910.33
14546,932,921.01
14547,932,920.58
14548,932,923.03
14549,932,908.99
14550,932,903.91
14551,932,908.05
14552,932,919.72
14553,932,908.45
14554,932,916.57
14555,932,919.22
14556,932,914.04
14557,932,922.59
14558,932,914.31
14559,932,913.02
14560,932,896.83
14561,932,901.67
14562,932,914.68
14563,932,912.56
14564,932,910.73
14565,932,920.79
14566,932,908.4
14567,932,922.66
14568,932,915.85
14569,932,905.44
14570,932,928.06
14571,932,908.52
14572,932,917.15
14573,932,905.3
14574,932,902.55
14575,932,911.66
14576,932,914.0
14577,932,911.23
14578,932,917.71
14579,932,919.71
14580,932,916.75
14581,932,924.08
14582,932,905.86
14583,932,911.11
14584,932,900.03
14585,932,898.8
14586,932,916.69
14587,932,911.29
14588,932,903.49
14589,932,914.67
14590,932,909.81
14591,932,909.25
14592,932,925.23
14593,932,910.39
14594,932,912.52
14595,932,915.65
14596,932,906.24
14597,932,910.45
14598,932,912.92
14599,932,908.61
14600,932,908.39
14601,932,920.82
14602,932,913.35
14603,932,916.64
14604,932,907.86
14605,932,919.1
14606,932,910.36
14607,932,917.9
14608,932,912.34
14609,932,908.14
14610,932,918.63
14611,932,917.3
14612,932,905.58
14613,932,922.7
14614,932,920.04
14615,932,917.04
14616,932,918.71
14617,932,919.04
14618,932,911.76
14619,932,904.66
14620,932,911.23
14621,932,914.14
14622,932,926.68
14623,932,919.11
14624,932,902.25
14625,932,922.78
14626,932,901.19
14627,932,895.76
14628,932,919.05
14629,932,919.82
14630,932,924.54
14631,932,920.02
14632,932,911.83
14633,932,914.74
14634,932,920.56
14635,932,919.34
14636,932,908.71
14637,932,923.49
14638,932,922.31
14639,932,918.1
14640,932,911.85
14641,932,913.71
14642,932,918.6
14643,932,912.88
14644,932,917.89
14645,932,911.56
14646,932,917.15
14647,932,912.7
14648,932,913.13
14649,932,905.91
14650,932,911.48
14651,932,919.54
14652,932,912.2
14653,932,916.58
14654,932,904.09
14655,932,910.84
14656,932,915.1
14657,932,909.89
14658,932,922.51
14659,932,926.21
14660,932,922.38
14661,932,917.3
14662,932,909.78
14663,932,909.41
14664,932,909.09
14665,932,916.85
14666,932,908.87
14667,932,913.61
14668,932,907.29
14669,932,910.63
14670,932,917.61
14671,932,916.13
14672,932,916.03
14673,932,914.77
14674,932,913.1
14675,932,919.77
14676,932,907.55
14677,932,920.18
14678,932,924.52
14679,932,901.27
14680,932,902.18
14681,932,913.66
14682,932,912.36
14683,932,899.55
14684,932,915.46
14685,932,913.06
14686,932,923.23
14687,932,914.3
14688,932,906.99
14689,932,910.08
14690,932,912.21
14691,932,912.58
14692,932,903.71
14693,932,919.13
14694,932,923.92
14695,932,916.29
14696,932,920.35
14697,932,918.76
14698,932,920.8
14699,932,903.63
14700,932,904.33
14701,932,907.4
14702,932,913.79
14703,932,918.82
14704,932,904.37
14705,932,917.58
14706,932,918.28
14707,932,898.81
14708,932,907.38
14709,932,910.75
14710,932,915.69
14711,932,907.16
14712,932,913.61
14713,932,907.83
14714,932,921.88
14715,932,919.59
14716,932,912.47
14717,932,921.39
14718,932,917.01
14719,932,914.42
14720,932,923.99
14721,932,906.26
14722,932,903.84
14723,932,905.19
14724,932,912.2
14725,932,923.66
14726,932,907.05
14727,932,915.52
14728,932,921.31
14729,932,922.27
14730,932,907.11
14731,932,912.8
14732,932,912.35
14733,932,910.45
14734,932,912.09
14735,932,906.62
14736,932,913.82
14737,932,915.49
14738,932,914.67
14739,932,920.19
14740,932,913.95
14741,932,923.37
14742,932,923.91
14743,932,909.0
14744,932,918.93
14745,932,920.14
14746,932,910.48
14747,932,911.7
14748,932,917.59
14749,932,908.83
14750,932,921.22
14751,932,919.46
14752,932,914.83
14753,932,910.38
14754,932,914.4
14755,932,898.88
14756,932,914.98
14757,932,917.28
14758,932,913.33
14759,932,922.57
14760,932,926.3
14761,932,905.49
14762,932,915.7
14763,932,922.88
14764,932,905.63
14765,932,910.98
14766,932,913.06
14767,932,910.63
14768,932,908.8
14769,932,915.95
14770,932,905.73
14771,932,903.76
14772,932,900.91
14773,932,900.86
14774,932,914.74
14775,932,899.23
14776,932,917.32
14777,932,922.51
14778,932,915.88
14779,932,918.13
14780,932,919.27
14781,932,921.23
14782,932,904.51
14783,932,914.0
14784,932,905.13
14785,932,910.67
14786,932,912.01
14787,932,910.18
14788,932,903.37
14789,932,911.42
14790,932,917.09
14791,932,910.11
14792,932,913.81
14793,932,922.18
14794,932,887.04
14795,932,915.17
14796,932,914.9
14797,932,911.58
14798,932,904.22
14799,932,910.41
14800,932,908.66
14801,932,908.85
14802,932,907.2
14803,932,913.87
14804,932,909.99
14805,932,922.51
14806,932,910.57
14807,932,909.11
14808,932,898.77
14809,932,918.63
14810,932,913.41
14811,932,904.9
14812,932,923.12
14813,932,913.6
14814,932,914.57
14815,932,909.74
14816,932,922.04
14817,932,905.68
14818,932,906.67
14819,932,915.15
14820,932,918.91
14821,932,914.33
14822,932,919.55
14823,932,915.49
14824,932,896.09
14825,932,915.38
14826,932,915.36
14827,932,913.16
14828,932,916.73
14829,932,917.41
14830,932,918.5
14831,932,914.07
14832,932,895.33
14833,932,901.96
14834,932,911.11
14835,932,923.93
14836,932,910.02
14837,932,910.38
14838,932,911.77
14839,932,912.26
14840,932,922.21
14841,932,921.17
14842,932,907.63
14843,932,909.87
14844,932,913.1
14845,932,919.05
14846,932,910.03
14847,932,905.4
14848,932,900.57
14849,932,918.45
14850,932,919.76
14851,932,909.72
14852,932,901.51
14853,932,913.21
14854,932,903.64
14855,932,908.28
14856,932,910.62
14857,932,913.0
14858,932,910.56
14859,932,922.7
14860,932,914.11
14861,932,922.65
14862,932,922.69
14863,932,910.17
14864,932,913.48
14865,932,902.72
14866,932,913.32
14867,932,913.12
14868,932,917.35
14869,932,918.33
14870,932,914.31
14871,932,917.96
14872,932,911.96
14873,932,910.49
14874,932,905.73
14875,932,899.9
14876,932,911.61
14877,932,904.23
14878,932,910.03
14879,932,912.6
14880,932,918.9
14881,932,903.93
14882,932,920.12
14883,932,923.09
14884,932,912.11
14885,932,917.24
14886,932,914.92
14887,932,910.21
14888,932,893.19
14889,932,902.18
14890,932,907.14
14891,932,903.97
14892,932,914.53
14893,932,904.09
14894,932,905.16
14895,932,922.52
14896,932,905.27
14897,932,906.02
14898,932,915.85
14899,932,920.98
14900,932,916.78
14901,932,920.89
14902,932,914.52
14903,932,912.1
14904,932,917.58
14905,932,910.91
14906,932,902.71
14907,932,904.1
14908,932,906.57
14909,932,907.3
14910,932,917.54
14911,932,914.91
14912,932,915.07
14913,932,916.86
14914,932,922.21
14915,932,916.05
14916,932,909.21
14917,932,911.38
14918,932,920.73
14919,932,927.75
14920,932,914.84
14921,932,926.67
14922,932,911.51
14923,932,908.07
14924,932,916.34
14925,932,906.81
14926,932,901.97
14927,932,894.32
14928,932,911.17
14929,932,914.39
14930,932,919.88
14931,932,910.87
14932,932,922.94
14933,932,906.89
14934,932,907.35
14935,932,912.18
14936,932,914.27
14937,932,918.38
14938,932,913.05
14939,932,907.86
14940,932,920.86
14941,932,913.58
14942,932,917.16
14943,932,908.59
14944,932,917.15
14945,932,912.5
14946,932,914.63
14947,932,920.11
14948,932,915.26
14949,932,915.71
14950,932,917.26
14951,932,902.58
14952,932,907.62
14953,932,916.89
14954,932,904.98
14955,932,895.62
14956,932,916.76
14957,932,912.91
14958,932,918.45
14959,932,908.7
14960,932,911.19
14961,932,912.36
14962,932,919.14
14963,932,911.28
14964,932,903.32
14965,932,921.45
14966,932,899.84
14967,932,906.47
14968,932,914.66
14969,932,900.93
14970,932,904.78
14971,932,913.61
14972,932,914.64
14973,932,909.67
14974,932,915.31
14975,932,906.35
14976,932,916.25
14977,932,913.21
14978,932,923.76
14979,932,900.43
14980,932,912.97
14981,932,917.89
14982,932,909.33
14983,932,914.76
14984,932,913.39
14985,932,909.91
14986,932,905.41
14987,932,901.66
14988,932,909.14
14989,932,898.52
14990,932,913.34
14991,932,924.96
14992,932,921.02
14993,932,912.13
14994,932,909.3
14995,932,914.22
14996,932,916.15
14997,932,921.74
14998,932,889.37
14999,932,917.42
15000,932,918.25
15001,932,903.78
15002,932,921.74
15003,932,913.69
15004,932,911.95
15005,932,915.34
15006,932,909.39
15007,932,909.45
15008,932,905.31
15009,932,913.38
15010,932,913.88
15011,932,910.79
15012,932,909.87
15013,932,914.11
15014,932,912.7
15015,932,909.29
15016,932,912.31
15017,932,901.94
15018,932,916.1
15019,932,904.67
15020,932,911.8
15021,932,913.35
15022,932,905.0
15023,932,900.86
15024,932,904.22
15025,932,903.87
15026,932,912.86
15027,932,920.6
15028,932,920.2
15029,932,899.17
15030,932,912.78
15031,932,909.33
15032,932,920.02
15033,932,917.22
15034,932,909.84
15035,932,912.4
15036,932,912.81
15037,932,916.7
15038,932,919.01
15039,932,905.92
15040,932,917.56
15041,932,903.22
15042,932,922.72
15043,932,904.28
15044,932,914.08
15045,932,907.55
15046,932,916.52
15047,932,909.72
15048,932,909.11
15049,932,914.87
15050,932,915.57
15051,932,916.49
15052,932,909.51
15053,932,915.07
15054,932,924.05
15055,932,917.07
15056,932,921.14
15057,932,914.94
15058,932,924.03
15059,932,913.28
15060,932,919.56
15061,932,925.63
15062,932,922.13
15063,932,909.58
15064,932,918.62
15065,932,923.0
15066,932,911.7
15067,932,907.63
15068,932,922.66
15069,932,914.32
15070,932,921.32
15071,932,920.47
15072,932,909.85
15073,932,914.4
15074,932,918.17
15075,932,914.91
15076,932,921.96
15077,932,912.02
15078,932,908.83
15079,932,921.45
15080,932,921.87
15081,932,911.27
15082,932,903.13
15083,932,914.78
15084,932,923.03
15085,932,913.81
15086,932,917.15
15087,932,908.09
15088,932,922.8
15089,932,907.67
15090,932,908.51
15091,932,918.5
15092,932,904.25
15093,932,914.27
15094,932,904.42
15095,932,904.83
15096,932,902.18
15097,932,910.48
15098,932,919.44
15099,932,918.6
15100,932,917.63
15101,932,914.69
15102,932,916.93
15103,932,892.05
15104,932,915.86
15105,932,919.09
15106,932,902.86
15107,932,917.46
15108,932,912.85
15109,932,909.03
15110,932,906.7
15111,932,918.03
15112,932,897.18
15113,932,913.95
15114,932,908.37
15115,932,920.88
15116,932,896.56
15117,932,920.98
15118,932,914.28
15119,932,917.75
15120,932,915.99
15121,932,924.15
15122,932,916.77
15123,932,913.55
15124,932,903.65
15125,932,895.67
15126,932,916.15
15127,932,901.93
15128,932,907.08
15129,932,924.07
15130,932,916.86
15131,932,902.94
15132,932,913.02
15133,932,911.32
15134,932,917.18
15135,932,909.9
15136,932,913.64
15137,932,910.56
15138,932,915.31
15139,932,919.67
15140,932,921.67
15141,932,911.48
15142,932,909.78
15143,932,903.37
15144,932,915.89
15145,932,904.47
15146,932,907.79
15147,932,904.77
15148,932,910.59
15149,932,895.56
15150,932,921.14
15151,932,916.23
15152,932,907.95
15153,932,913.38
15154,932,919.87
15155,932,920.95
15156,932,911.28
15157,932,916.99
15158,932,918.32
15159,932,915.24
15160,932,918.36
15161,932,921.03
15162,932,919.75
15163,932,928.56
15164,932,920.25
15165,932,913.49
15166,932,909.57
15167,932,907.95
15168,932,917.09
15169,932,918.06
15170,932,920.16
15171,932,913.98
15172,932,919.18
15173,932,918.41
15174,932,914.36
15175,932,921.13
15176,932,901.0
15177,932,913.95
15178,932,904.7
15179,932,917.47
15180,932,925.33
15181,932,918.14
15182,932,910.01
15183,932,918.73
15184,932,921.88
15185,932,911.93
15186,932,907.9
15187,932,904.12
15188,932,918.9
15189,932,919.39
15190,932,906.6
15191,932,911.25
15192,932,918.86
15193,932,913.45
15194,932,916.08
15195,932,909.67
15196,932,923.78
15197,932,911.25
15198,932,911.88
15199,932,910.96
15200,932,912.74
15201,932,920.46
15202,932,912.21
15203,932,910.21
15204,932,911.42
15205,932,917.0
15206,932,916.11
15207,932,915.14
15208,932,911.2
15209,932,913.82
15210,932,922.33
15211,932,918.31
15212,932,904.58
15213,932,915.33
15214,932,912.56
15215,932,909.6
15216,932,913.01
15217,932,904.22
15218,932,923.08
15219,932,910.95
15220,932,917.72
15221,932,910.5
15222,932,905.46
15223,932,907.77
15224,932,913.61
15225,932,926.65
15226,932,913.82
15227,932,909.75
15228,932,914.95
15229,932,912.89
15230,932,923.0
15231,932,911.65
15232,932,905.21
15233,932,903.0
15234,932,916.11
15235,932,919.58
15236,932,922.65
15237,932,914.51
15238,932,916.14
15239,932,900.36
15240,932,893.61
15241,932,912.3
15242,932,903.55
15243,932,910.73
15244,932,918.82
15245,932,912.38
15246,932,912.42
15247,932,914.26
15248,932,919.17
15249,932,904.22
15250,932,914.82
15251,932,919.73
15252,932,902.88
15253,932,916.35
15254,932,915.48
15255,932,916.99
15256,932,919.26
15257,932,915.44
15258,932,896.59
15259,932,913.62
15260,932,912.99
15261,932,913.12
15262,932,915.48
15263,932,910.68
15264,932,922.79
15265,932,906.94
15266,932,920.52
15267,932,912.85
15268,932,906.65
15269,932,918.83
15270,932,905.44
15271,932,919.99
15272,932,917.83
15273,932,905.88
15274,932,925.3
15275,932,909.73
15276,932,919.36
15277,932,909.74
15278,932,901.47
15279,932,902.97
15280,932,917.58
15281,932,911.38
15282,932,906.64
15283,932,922.19
15284,932,915.46
15285,932,911.69
15286,932,918.56
15287,932,919.64
15288,932,920.45
15289,932,894.59
15290,932,917.53
15291,932,905.41
15292,932,911.11
15293,932,903.07
15294,932,918.32
15295,932,919.22
15296,932,921.01
15297,932,923.52
15298,932,915.38
15299,932,913.6
15300,932,917.58
15301,932,910.57
15302,932,915.54
15303,932,907.64
15304,932,905.01
15305,932,917.29
15306,932,918.08
15307,932,915.47
15308,932,921.16
15309,932,904.22
15310,932,912.04
15311,932,918.27
15312,932,910.23
15313,932,912.71
15314,932,912.91
15315,932,915.76
15316,932,915.95
15317,932,917.26
15318,932,913.51
15319,932,919.65
15320,932,913.44
15321,932,918.17
15322,932,909.9
15323,932,915.44
15324,932,913.57
15325,932,921.46
15326,932,917.36
15327,932,902.92
15328,932,915.43
15329,932,912.1
15330,932,910.88
15331,932,918.89
15332,932,909.82
15333,932,920.73
15334,932,901.21
15335,932,925.49
15336,932,910.24
15337,932,905.81
15338,932,907.29
15339,932,920.51
15340,932,909.0
15341,932,903.52
15342,932,906.93
15343,932,911.57
15344,932,911.8
15345,932,924.71
15346,932,911.68
15347,932,921.01
15348,932,911.8
15349,932,911.57
15350,932,905.22
15351,932,920.94
15352,932,905.83
15353,932,912.63
15354,932,911.32
15355,932,917.43
15356,932,920.3
15357,932,920.15
15358,932,910.42
15359,932,915.3
15360,932,918.71
15361,932,903.25
15362,932,921.3
15363,932,900.85
15364,932,902.45
15365,932,907.7
15366,932,919.05
15367,932,915.41
15368,932,910.62
15369,932,917.03
15370,932,907.08
15371,932,911.12
15372,932,912.38
15373,932,922.0
15374,932,903.49
15375,932,920.73
15376,932,909.42
15377,932,908.2
15378,932,904.51
15379,932,918.77
15380,932,919.26
15381,932,923.19
15382,932,921.57
15383,932,910.79
15384,932,907.85
15385,932,920.9
15386,932,913.01
15387,932,914.13
15388,932,909.68
15389,932,914.07
15390,932,917.77
15391,932,916.64
15392,932,904.6
15393,932,911.35
15394,932,895.02
15395,932,923.79
15396,932,919.08
15397,932,906.89
15398,932,918.29
15399,932,922.18
15400,932,905.04
15401,932,914.29
15402,932,915.17
15403,932,907.39
15404,932,908.37
15405,932,921.75
15406,932,915.68
15407,932,905.99
15408,932,916.87
15409,932,903.25
15410,932,916.52
15411,932,916.12
15412,932,910.54
15413,932,916.14
15414,932,895.34
15415,932,902.57
15416,932,925.56
15417,932,901.8
15418,932,892.12
15419,932,916.09
15420,932,901.69
15421,932,921.25
15422,932,914.52
15423,932,923.85
15424,932,906.05
15425,932,910.66
15426,932,898.86
15427,932,879.81
15428,932,897.96
15429,932,923.56
15430,932,917.16
15431,932,910.64
15432,932,917.56
15433,932,917.62
15434,932,900.93
15435,932,902.4
15436,932,917.8
15437,932,919.59
15438,932,906.2
15439,932,927.29
15440,932,916.32
15441,932,915.07
15442,932,915.13
15443,932,924.13
15444,932,913.68
15445,932,908.43
15446,932,902.3
15447,932,921.64
15448,932,922.99
15449,932,908.64
15450,932,919.63
15451,932,907.42
15452,932,910.51
15453,932,917.54
15454,932,920.51
15455,932,912.36
15456,932,921.26
15457,932,917.08
15458,932,909.1
15459,932,888.04
15460,932,911.45
15461,932,909.66
15462,932,909.06
15463,932,914.57
15464,932,897.15
15465,932,904.6
15466,932,918.82
15467,932,926.85
15468,932,897.58
15469,932,915.33
15470,932,922.41
15471,932,912.56
15472,932,921.77
15473,932,915.37
15474,932,917.56
15475,932,915.48
15476,932,905.01
15477,932,908.16
15478,932,923.3
15479,932,904.55
15480,932,915.83
15481,932,911.09
15482,932,922.67
15483,932,926.0
15484,932,910.27
15485,932,920.35
15486,932,912.81
15487,932,919.44
15488,932,928.49
15489,932,919.72
15490,932,918.51
15491,932,918.97
15492,932,917.69
15493,932,913.78
15494,932,911.93
15495,932,918.46
15496,932,906.0
15497,932,904.89
15498,932,923.42
15499,932,912.42
15500,932,902.0
15501,932,911.34
15502,932,917.05
15503,932,918.22
15504,932,920.8
15505,932,909.97
15506,932,916.49
15507,932,907.84
15508,932,904.41
15509,932,923.22
15510,932,906.01
15511,932,922.06
15512,932,909.6
15513,932,911.63
15514,932,901.23
15515,932,909.11
15516,932,917.38
15517,932,916.85
15518,932,917.68
15519,932,910.53
15520,932,917.96
15521,932,915.95
15522,932,904.15
15523,932,918.18
15524,932,911.46
15525,932,910.05
15526,932,901.9
15527,932,918.85
15528,932,923.97
15529,932,924.43
15530,932,914.79
15531,932,912.5
15532,932,907.91
15533,932,912.24
15534,932,925.92
15535,932,921.49
15536,932,911.43
15537,932,910.25
15538,932,900.62
15539,932,924.2
15540,932,917.55
15541,932,907.78
15542,932,902.08
15543,932,904.66
15544,932,909.26
15545,932,917.94
15546,932,915.79
15547,932,905.66
15548,932,918.0
15549,932,894.73
15550,932,917.76
15551,932,913.82
15552,932,913.47
15553,932,918.68
15554,932,918.7
15555,932,927.41
15556,932,912.19
15557,932,901.7
15558,932,918.54
15559,932,910.19
15560,932,909.04
15561,932,898.53
15562,932,917.12
15563,932,912.34
15564,932,923.27
15565,932,908.4
15566,932,910.17
15567,932,905.72
15568,932,911.58
15569,932,912.14
15570,932,902.44
15571,932,910.18
15572,932,912.59
15573,932,919.57
15574,932,917.45
15575,932,919.5
15576,932,902.4
15577,932,902.85
15578,932,917.05
15579,932,909.31
15580,932,918.69
15581,932,900.86
15582,932,920.42
15583,932,920.36
15584,932,904.04
15585,932,899.21
15586,932,914.04
15587,932,909.91
15588,932,906.01
15589,932,919.6
15590,932,918.89
15591,932,918.09
15592,932,916.26
15593,932,905.3
15594,932,911.73
15595,932,917.62
15596,932,918.69
15597,932,922.21
15598,932,918.25
15599,932,919.73
15600,932,916.1
15601,932,916.27
15602,932,918.01
15603,932,916.03
15604,932,914.41
15605,932,910.63
15606,932,924.88
15607,932,914.22
15608,932,909.56
15609,932,904.31
15610,932,921.52
15611,932,913.29
15612,932,906.37
15613,932,908.15
15614,932,915.61
15615,932,910.68
15616,932,919.05
15617,932,918.86
15618,932,915.36
15619,932,905.26
15620,932,914.85
15621,932,903.87
15622,932,926.28
15623,932,920.82
15624,932,915.59
15625,932,924.2
15626,932,907.46
15627,932,918.22
15628,932,911.13
15629,932,924.7
15630,932,901.37
15631,932,910.4
15632,932,913.2
15633,932,907.57
15634,932,921.5
15635,932,917.56
15636,932,910.21
15637,932,913.38
15638,932,917.0
15639,932,917.56
15640,932,908.93
15641,932,901.26
15642,932,905.56
15643,932,924.27
15644,932,912.7
15645,932,916.74
15646,932,909.65
15647,932,913.27
15648,932,899.32
15649,932,915.28
15650,932,910.3
15651,932,913.51
15652,932,920.25
15653,932,897.44
15654,932,904.57
15655,932,925.3
15656,932,914.9
15657,932,914.33
15658,932,908.04
15659,932,924.72
15660,932,914.28
15661,932,905.18
15662,932,911.48
15663,932,920.16
15664,932,919.13
15665,932,902.23
15666,932,900.19
15667,932,912.49
15668,932,919.63
15669,932,902.72
15670,932,916.9
15671,932,912.86
15672,932,923.12
15673,932,903.95
15674,932,913.89
15675,932,903.81
15676,932,920.91
15677,932,902.71
15678,932,915.24
15679,932,902.34
15680,932,921.36
15681,932,908.49
15682,932,924.12
15683,932,916.22
15684,932,915.64
15685,932,909.36
15686,932,916.71
15687,932,910.3
15688,932,907.21
15689,932,908.95
15690,932,911.31
15691,932,905.43
15692,932,891.26
15693,932,896.34
15694,932,898.44
15695,932,920.8
15696,932,911.08
15697,932,920.26
15698,932,913.01
15699,932,903.51
15700,932,914.38
15701,932,918.23
15702,932,919.72
15703,932,918.52
15704,932,927.89
15705,932,908.16
15706,932,910.34
15707,932,910.07
15708,932,912.83
15709,932,919.92
15710,932,907.15
15711,932,918.13
15712,932,919.06
15713,932,913.88
15714,932,910.14
15715,932,917.31
15716,932,923.42
15717,932,923.54
15718,932,903.9
15719,932,910.76
15720,932,914.24
15721,932,906.07
15722,932,920.55
15723,932,914.12
15724,932,925.36
15725,932,900.91
15726,932,920.04
15727,932,920.94
15728,932,908.96
15729,932,915.97
15730,932,918.55
15731,932,902.29
15732,932,904.08
15733,932,904.53
15734,932,926.59
15735,932,906.38
15736,932,915.38
15737,932,917.74
15738,932,912.22
15739,932,905.36
15740,932,915.66
15741,932,920.99
15742,932,912.76
15743,932,906.38
15744,932,910.25
15745,932,905.05
15746,932,926.06
15747,932,905.34
15748,932,916.83
15749,932,900.22
15750,932,913.92
15751,932,909.41
15752,932,908.78
15753,932,913.53
15754,932,913.2
15755,932,906.31
15756,932,920.69
15757,932,910.53
15758,932,912.49
15759,932,915.62
15760,932,919.05
15761,932,923.04
15762,932,900.26
15763,932,914.92
15764,932,926.21
15765,932,910.08
15766,932,918.36
15767,932,916.84
15768,932,910.96
15769,932,905.25
15770,932,896.87
15771,932,907.7
15772,932,919.55
15773,932,911.9
15774,932,917.06
15775,932,907.66
15776,932,918.85
15777,932,916.76
15778,932,910.08
15779,932,923.64
15780,932,908.25
15781,932,918.98
15782,932,905.86
15783,932,918.6
15784,932,923.74
15785,932,904.71
15786,932,919.42
15787,932,913.98
15788,932,918.25
15789,932,919.2
15790,932,920.52
15791,932,917.51
15792,932,917.35
15793,932,918.64
15794,932,913.24
15795,932,907.11
15796,932,904.92
15797,932,910.19
15798,932,913.77
15799,932,904.7
15800,932,907.21
15801,932,909.8
15802,932,923.54
15803,932,902.03
15804,932,919.54
15805,932,908.02
15806,932,914.03
15807,932,915.26
15808,932,908.59
15809,932,919.9
15810,932,904.05
15811,932,924.07
15812,932,915.19
15813,932,913.41
15814,932,913.44
15815,932,905.75
15816,932,909.75
15817,932,924.65
15818,932,910.08
15819,932,917.59
15820,932,905.11
15821,932,913.46
15822,932,886.87
15823,932,918.56
15824,932,902.13
15825,932,919.21
15826,932,916.33
15827,932,917.67
15828,932,904.97
15829,932,920.04
15830,932,920.77
15831,932,925.42
15832,932,908.82
15833,932,927.57
15834,932,920.69
15835,932,920.08
15836,932,918.84
15837,932,920.06
15838,932,912.53
15839,932,917.43
15840,932,923.76
15841,932,910.58
15842,932,911.54
15843,932,910.71
15844,932,910.79
15845,932,913.47
15846,932,902.98
15847,932,916.44
15848,932,908.05
15849,932,904.7
15850,932,906.92
15851,932,910.86
15852,932,918.92
15853,932,906.17
15854,932,901.42
15855,932,895.63
15856,932,912.86
15857,932,910.35
15858,932,904.63
15859,932,915.06
15860,932,908.85
15861,932,916.14
15862,932,910.03
15863,932,906.93
15864,932,913.46
15865,932,914.58
15866,932,907.27
15867,932,906.03
15868,932,916.9
15869,932,907.97
15870,932,920.76
15871,932,906.18
15872,932,907.14
15873,932,918.56
15874,932,906.71
15875,932,914.47
15876,932,910.55
15877,932,904.42
15878,932,915.39
15879,932,918.1
15880,932,915.29
15881,932,913.02
15882,932,907.98
15883,932,906.95
15884,932,912.76
15885,932,913.61
15886,932,896.01
15887,932,898.32
15888,932,917.49
15889,932,908.42
15890,932,906.78
15891,932,916.55
15892,932,912.22
15893,932,914.4
15894,932,906.42
15895,932,910.67
15896,932,915.62
15897,932,912.35
15898,932,903.92
15899,932,924.96
15900,932,924.82
15901,932,920.1
15902,932,916.75
15903,932,903.54
15904,932,927.41
15905,932,911.61
15906,932,917.35
15907,932,920.66
15908,932,905.74
15909,932,920.31
15910,932,902.58
15911,932,916.08
15912,932,915.99
15913,932,904.48
15914,932,903.22
15915,932,905.42
15916,932,918.29
15917,932,906.63
15918,932,921.03
15919,932,918.38
15920,932,911.69
15921,932,915.63
15922,932,917.14
15923,932,917.76
15924,932,921.4
15925,932,908.39
15926,932,919.64
15927,932,917.47
15928,932,912.18
15929,932,907.74
15930,932,911.39
15931,932,905.71
15932,932,914.16
15933,932,913.92
15934,932,913.45
15935,932,911.97
15936,932,915.13
15937,932,914.78
15938,932,910.12
15939,932,897.36
15940,932,896.35
15941,932,913.03
15942,932,907.4
15943,932,919.39
15944,932,908.8
15945,932,913.79
15946,932,904.36
15947,932,915.09
15948,932,919.46
15949,932,917.53
15950,932,919.7
15951,932,918.93
15952,932,923.47
15953,932,915.4
15954,932,908.62
15955,932,920.07
15956,932,910.03
15957,932,917.47
15958,932,901.3
15959,932,921.2
15960,932,919.15
15961,932,915.69
15962,932,917.33
15963,932,917.42
15964,932,910.12
15965,932,904.11
15966,932,904.0
15967,932,915.98
15968,932,918.79
15969,932,914.87
15970,932,906.73
15971,932,915.16
15972,932,915.88
15973,932,920.65
15974,932,922.77
15975,932,909.34
15976,932,912.85
15977,932,919.48
15978,932,923.88
15979,932,907.87
15980,932,904.15
15981,932,904.97
15982,932,914.56
15983,932,903.53
15984,932,920.97
15985,932,909.77
15986,932,916.86
15987,932,919.65
15988,932,922.24
15989,932,923.68
15990,932,914.01
15991,932,913.76
15992,932,918.16
15993,932,902.92
15994,932,911.92
15995,932,912.56
15996,932,922.78
15997,932,916.0
15998,932,910.08
15999,932,913.58
16000,932,907.81
16001,932,905.52
16002,932,918.48
16003,932,901.36
16004,932,906.57
16005,932,907.52
16006,932,905.45
16007,932,925.9
16008,932,917.11
16009,932,906.07
16010,932,901.31
16011,932,916.87
16012,932,914.5
16013,932,915.48
16014,932,904.03
16015,932,915.39
16016,932,907.71
16017,932,916.9
16018,932,909.55
16019,932,909.49
16020,932,913.17
16021,932,918.29
16022,932,918.14
16023,932,919.33
16024,932,915.77
16025,932,911.28
16026,932,923.26
16027,932,911.64
16028,932,909.96
16029,932,920.16
16030,932,918.01
16031,932,921.57
16032,932,903.51
16033,932,919.77
16034,932,917.54
16035,932,907.57
16036,932,911.59
16037,932,910.71
16038,932,914.27
16039,932,909.82
16040,932,915.9
16041,932,914.38
16042,932,910.67
16043,932,918.52
16044,932,914.52
16045,932,912.07
16046,932,911.18
16047,932,915.57
16048,932,905.39
16049,932,916.65
16050,932,912.32
16051,932,917.57
16052,932,913.07
16053,932,909.94
16054,932,908.45
16055,932,922.2
16056,932,921.6
16057,932,906.93
16058,932,920.99
16059,932,921.46
16060,932,919.03
16061,932,916.18
16062,932,904.26
16063,932,912.26
16064,932,912.83
16065,932,916.69
16066,932,914.91
16067,932,918.36
16068,932,905.97
16069,932,920.33
16070,932,911.95
16071,932,914.75
16072,932,917.82
16073,932,908.11
16074,932,902.43
16075,932,911.75
16076,932,902.84
16077,932,906.48
16078,932,918.7
16079,932,904.08
16080,932,908.82
16081,932,910.66
16082,932,911.67
16083,932,914.75
16084,932,910.02
16085,932,915.89
16086,932,908.45
16087,932,913.77
16088,932,914.84
16089,932,914.06
16090,932,902.18
16091,932,922.74
16092,932,910.59
16093,932,903.73
16094,932,915.68
16095,932,917.31
16096,932,924.67
16097,932,919.96
16098,932,922.1
16099,932,915.11
16100,932,898.96
16101,932,913.17
16102,932,925.9
16103,932,910.83
16104,932,916.89
16105,932,901.8
16106,932,910.9
16107,932,915.27
16108,932,908.25
16109,932,914.61
16110,932,924.82
16111,932,916.3
16112,932,912.29
16113,932,910.64
16114,932,918.36
16115,932,908.87
16116,932,917.71
16117,932,905.95
16118,932,907.6
16119,932,905.62
16120,932,909.81
16121,932,905.86
16122,932,902.97
16123,932,916.35
16124,932,916.92
16125,932,916.95
16126,932,917.95
16127,932,911.32
16128,932,921.41
16129,932,905.23
16130,932,925.09
16131,932,908.22
16132,932,911.44
16133,932,912.46
16134,932,916.33
16135,932,920.37
16136,932,906.51
16137,932,920.45
16138,932,912.29
16139,932,911.7
16140,932,904.76
16141,932,910.82
16142,932,912.04
16143,932,907.16
16144,932,911.2
16145,932,909.99
16146,932,920.27
16147,932,909.83
16148,932,916.62
16149,932,916.95
16150,932,917.56
16151,932,908.57
16152,932,910.87
16153,932,917.62
16154,932,899.79
16155,932,905.54
16156,932,900.4
16157,932,916.81
16158,932,900.78
16159,932,905.32
16160,932,915.15
16161,932,917.59
16162,932,910.6
16163,932,911.78
16164,932,912.37
16165,932,913.82
16166,932,898.49
16167,932,917.15
16168,932,914.58
16169,932,910.82
16170,932,913.27
16171,932,914.57
16172,932,919.32
16173,932,922.86
16174,932,909.48
16175,932,913.02
16176,932,918.39
16177,932,913.08
16178,932,912.74
16179,932,918.77
16180,932,916.21
16181,932,908.76
16182,932,914.16
16183,932,914.81
16184,932,903.01
16185,932,914.92
16186,932,908.03
16187,932,916.5
16188,932,916.45
16189,932,915.85
16190,932,912.72
16191,932,911.63
16192,932,911.0
16193,932,914.13
16194,932,903.11
16195,932,913.5
16196,932,916.12
16197,932,924.53
16198,932,917.58
16199,932,911.31
16200,932,909.13
16201,932,919.51
16202,932,898.28
16203,932,915.28
16204,932,923.21
16205,932,913.18
16206,932,905.67
16207,932,906.49
16208,932,912.15
16209,932,921.01
16210,932,918.73
16211,932,922.79
16212,932,914.26
16213,932,906.85
16214,932,920.43
16215,932,920.37
16216,932,925.3
16217,932,915.79
16218,932,922.29
16219,932,926.98
16220,932,912.23
16221,932,912.35
16222,932,895.76
16223,932,904.23
16224,932,910.31
16225,932,911.18
16226,932,904.91
16227,932,906.26
16228,932,905.45
16229,932,922.27
16230,932,918.3
16231,932,904.56
16232,932,927.9
16233,932,915.57
16234,932,919.18
16235,932,920.68
16236,932,919.09
16237,932,904.22
16238,932,905.71
16239,932,907.05
16240,932,923.76
16241,932,909.9
16242,932,913.33
16243,932,915.58
16244,932,916.66
16245,932,904.88
16246,932,924.13
16247,932,921.76
16248,932,918.9
16249,932,911.0
16250,932,915.96
16251,932,916.57
16252,932,898.86
16253,932,919.28
16254,932,907.18
16255,932,898.43
16256,932,911.89
16257,932,921.8
16258,932,917.56
16259,932,901.72
16260,932,913.11
16261,932,909.96
16262,932,912.97
16263,932,914.22
16264,932,917.53
16265,932,906.8
16266,932,921.86
16267,932,912.9
16268,932,924.04
16269,932,909.93
16270,932,921.05
16271,932,902.36
16272,932,915.89
16273,932,919.36
16274,932,916.01
16275,932,918.02
16276,932,913.69
16277,932,911.09
16278,932,911.59
16279,932,909.29
16280,932,908.24
16281,932,920.23
16282,932,912.74
16283,932,911.76
16284,932,916.9
16285,932,914.72
16286,932,915.2
16287,932,896.35
16288,932,915.0
16289,932,920.11
16290,932,911.35
16291,932,909.52
16292,932,919.42
16293,932,899.93
16294,932,919.16
16295,932,909.44
16296,932,915.69
16297,932,920.77
16298,932,909.22
16299,932,911.18
16300,932,913.11
16301,932,903.33
16302,932,912.75
16303,932,910.03
16304,932,923.3
16305,932,909.32
16306,932,911.64
16307,932,919.43
16308,932,920.75
16309,932,909.46
16310,932,904.59
16311,932,918.16
16312,932,902.23
16313,932,921.95
16314,932,917.92
16315,932,918.09
16316,932,926.04
16317,932,913.54
16318,932,909.49
16319,932,921.24
16320,932,911.92
16321,932,909.48
16322,932,916.11
16323,932,913.11
16324,932,913.79
16325,932,913.79
16326,932,914.11
16327,932,917.36
16328,932,912.35
16329,932,911.91
16330,932,900.06
16331,932,898.83
16332,932,913.1
16333,932,905.53
16334,932,906.43
16335,932,918.87
16336,932,905.53
16337,932,917.99
16338,932,888.56
16339,932,915.53
16340,932,906.84
16341,932,907.57
16342,932,911.69
16343,932,906.73
16344,932,919.66
16345,932,917.66
16346,932,927.67
16347,932,919.35
16348,932,916.06
16349,932,918.17
16350,932,894.82
16351,932,920.05
16352,932,913.09
16353,932,916.83
16354,932,923.48
16355,932,914.24
16356,932,910.62
16357,932,913.95
16358,932,917.16
16359,932,909.8
16360,932,910.73
16361,932,906.19
16362,932,910.51
16363,932,922.95
16364,932,915.63
16365,932,916.48
16366,932,918.29
16367,932,894.4
16368,932,910.69
16369,932,910.61
16370,932,920.53
16371,932,921.3
16372,932,908.08
16373,932,912.69
16374,932,911.95
16375,932,917.0
16376,932,913.35
16377,932,915.7
16378,932,916.8
16379,932,915.31
16380,932,913.59
16381,932,908.74
16382,932,918.07
16383,932,919.29
16384,932,906.64
16385,932,917.13
16386,932,927.2
16387,932,902.13
16388,932,916.52
16389,932,906.38
16390,932,915.53
16391,932,914.03
16392,932,908.73
16393,932,909.46
16394,932,899.58
16395,932,907.87
16396,932,919.95
16397,932,907.09
16398,932,913.47
16399,932,907.33
16400,932,919.8
16401,932,923.14
16402,932,910.63
16403,932,923.65
16404,932,917.89
16405,932,912.09
16406,932,910.8
16407,932,913.38
16408,932,921.33
16409,932,911.37
16410,932,918.12
16411,932,912.69
16412,932,910.61
16413,932,917.88
16414,932,905.22
16415,932,906.06
16416,932,912.85
16417,932,913.8
16418,932,921.49
16419,932,914.02
16420,932,922.48
16421,932,896.45
16422,932,918.28
16423,932,913.46
16424,932,922.09
16425,932,915.96
16426,932,916.37
16427,932,920.6
16428,932,916.02
16429,932,916.0
16430,932,916.99
16431,932,922.05
16432,932,907.89
16433,932,920.58
16434,932,906.53
16435,932,929.2
16436,932,917.79
16437,932,912.61
16438,932,917.75
16439,932,911.55
16440,932,902.1
16441,932,911.53
16442,932,915.47
16443,932,906.03
16444,932,905.19
16445,932,911.76
16446,932,899.23
16447,932,916.54
16448,932,912.84
16449,932,899.3
16450,932,901.42
16451,932,918.3
16452,932,914.65
16453,932,907.47
16454,932,909.36
16455,932,917.41
16456,932,917.8
16457,932,924.98
16458,932,908.67
16459,932,913.24
16460,932,909.48
16461,932,915.54
16462,932,922.03
16463,932,897.37
16464,932,909.49
16465,932,914.01
16466,932,920.63
16467,932,900.54
16468,932,881.85
16469,932,907.48
16470,932,911.42
16471,932,903.17
16472,932,914.12
16473,932,920.57
16474,932,908.83
16475,932,915.77
16476,932,911.65
16477,932,906.2
16478,932,922.36
16479,932,910.95
16480,932,923.77
16481,932,895.72
16482,932,926.54
16483,932,915.58
16484,932,925.08
16485,932,919.29
16486,932,905.33
16487,932,914.62
16488,932,916.92
16489,932,914.81
16490,932,918.35
16491,932,913.9
16492,932,917.83
16493,932,916.57
16494,932,914.72
16495,932,911.52
16496,932,915.19
16497,932,915.87
16498,932,922.26
16499,932,901.0
16500,932,910.75
16501,932,915.35
16502,932,914.14
16503,932,910.15
16504,932,906.23
16505,932,906.71
16506,932,909.48
16507,932,897.04
16508,932,928.75
16509,932,929.24
16510,932,904.47
16511,932,915.76
16512,932,900.37
16513,932,917.09
16514,932,912.59
16515,932,913.83
16516,932,909.31
16517,932,908.76
16518,932,916.14
16519,932,911.57
16520,932,919.99
16521,932,913.18
16522,932,918.37
16523,932,923.68
16524,932,918.26
16525,932,898.56
16526,932,909.86
16527,932,915.11
16528,932,914.53
16529,932,913.69
16530,932,899.12
16531,932,912.68
16532,932,898.93
16533,932,909.43
16534,932,917.55
16535,932,907.73
16536,932,922.52
16537,932,911.36
16538,932,923.93
16539,932,910.14
16540,932,921.29
16541,932,912.09
16542,932,923.28
16543,932,922.37
16544,932,903.97
16545,932,903.02
16546,932,911.48
16547,932,919.02
16548,932,903.58
16549,932,917.72
16550,932,909.27
16551,932,919.92
16552,932,910.93
16553,932,924.71
16554,932,921.41
16555,932,913.48
16556,932,920.33
16557,932,921.37
16558,932,913.84
16559,932,901.62
16560,932,908.56
16561,932,902.5
16562,932,902.31
16563,932,900.37
16564,932,910.82
16565,932,914.87
16566,932,906.36
16567,932,919.89
16568,932,916.49
16569,932,913.31
16570,932,907.9
16571,932,917.84
16572,932,913.79
16573,932,905.98
16574,932,904.45
16575,932,919.5
16576,932,912.25
16577,932,911.85
16578,932,905.89
16579,932,912.05
16580,932,911.8
16581,932,915.48
16582,932,922.99
16583,932,900.11
16584,932,918.52
16585,932,916.64
16586,932,918.76
16587,932,902.11
16588,932,919.37
16589,932,915.49
16590,932,901.8
16591,932,897.5
16592,932,912.31
16593,932,907.95
16594,932,915.29
16595,932,896.11
16596,932,921.71
16597,932,914.31
16598,932,907.37
16599,932,920.34
16600,932,910.33
16601,932,915.77
16602,932,914.29
16603,932,918.46
16604,932,908.24
16605,932,923.5
16606,932,904.45
16607,932,912.41
16608,932,903.92
16609,932,912.49
16610,932,921.13
16611,932,915.59
16612,932,910.17
16613,932,905.25
16614,932,905.27
16615,932,914.35
16616,932,921.0
16617,932,894.4
16618,932,920.71
16619,932,915.65
16620,932,912.89
16621,932,906.54
16622,932,914.51
16623,932,923.04
16624,932,909.34
16625,932,921.45
16626,932,909.85
16627,932,898.88
16628,932,914.46
16629,932,888.29
16630,932,900.57
16631,932,899.69
16632,932,914.47
16633,932,919.52
16634,932,910.03
16635,932,912.79
16636,932,917.16
16637,932,908.86
16638,932,904.36
16639,932,915.02
16640,932,919.22
16641,932,911.35
16642,932,925.22
16643,932,907.29
16644,932,919.6
16645,932,903.81
16646,932,915.59
16647,932,894.85
16648,932,890.57
16649,932,911.05
16650,932,907.73
16651,932,917.78
16652,932,916.7
16653,932,916.95
16654,932,914.92
16655,932,918.81
16656,932,916.84
16657,932,904.95
16658,932,909.85
16659,932,913.8
16660,932,913.03
16661,932,921.13
16662,932,917.36
16663,932,917.8
16664,932,915.64
16665,932,916.74
16666,932,910.36
16667,932,916.28
16668,932,918.51
16669,932,906.68
16670,932,909.64
16671,932,913.44
16672,932,905.57
16673,932,907.47
16674,932,913.89
16675,932,915.03
16676,932,919.87
16677,932,913.67
16678,932,919.86
16679,932,913.65
16680,932,908.01
16681,932,917.69
16682,932,906.3
16683,932,915.09
16684,932,911.49
16685,932,916.88
16686,932,917.95
16687,932,920.19
16688,932,927.89
16689,932,921.86
16690,932,904.21
16691,932,899.04
16692,932,893.0
16693,932,925.79
16694,932,912.47
16695,932,903.89
16696,932,923.55
16697,932,898.65
16698,932,914.03
16699,932,907.86
16700,932,917.3
16701,932,902.29
16702,932,898.59
16703,932,919.43
16704,932,919.84
16705,932,927.62
16706,932,918.11
16707,932,907.77
16708,932,904.85
16709,932,917.21
16710,932,918.16
16711,932,902.17
16712,932,918.12
16713,932,921.53
16714,932,917.45
16715,932,910.16
16716,932,901.42
16717,932,915.57
16718,932,912.26
16719,932,912.36
16720,932,911.5
16721,932,901.25
16722,932,906.75
16723,932,913.03
16724,932,921.0
16725,932,915.12
16726,932,908.27
16727,932,915.41
16728,932,901.28
16729,932,915.3
16730,932,917.73
16731,932,913.88
16732,932,919.35
16733,932,909.02
16734,932,915.24
16735,932,905.22
16736,932,919.81
16737,932,919.62
16738,932,919.84
16739,932,926.99
16740,932,903.45
16741,932,915.2
16742,932,911.18
16743,932,915.9
16744,932,907.14
16745,932,901.47
16746,932,914.38
16747,932,914.91
16748,932,903.52
16749,932,926.69
16750,932,919.45
16751,932,913.1
16752,932,917.03
16753,932,909.61
16754,932,922.4
16755,932,911.71
16756,932,910.52
16757,932,919.94
16758,932,916.26
16759,932,913.67
16760,932,917.84
16761,932,913.18
16762,932,915.67
16763,932,907.07
16764,932,923.76
16765,932,915.77
16766,932,915.81
16767,932,914.18
16768,932,893.44
16769,932,918.11
16770,932,918.67
16771,932,907.5
16772,932,920.83
16773,932,918.17
16774,932,919.15
16775,932,914.85
16776,932,911.56
16777,932,911.53
16778,932,924.45
16779,932,893.59
16780,932,910.52
16781,932,917.45
16782,932,913.57
16783,932,907.14
16784,932,905.5
16785,932,910.86
16786,932,922.55
16787,932,912.29
16788,932,917.0
16789,932,907.75
16790,932,908.56
16791,932,904.62
16792,932,918.02
16793,932,914.81
16794,932,918.13
16795,932,913.28
16796,932,910.42
16797,932,909.75
16798,932,911.02
16799,932,911.65
16800,932,912.1
16801,932,918.45
16802,932,909.32
16803,932,914.65
16804,932,914.77
16805,932,907.1
16806,932,901.32
16807,932,901.39
16808,932,920.81
16809,932,915.45
16810,932,919.17
16811,932,911.09
16812,932,912.47
16813,932,908.92
16814,932,919.46
16815,932,916.17
16816,932,908.63
16817,932,910.8
16818,932,919.61
16819,932,919.81
16820,932,918.15
16821,932,904.1
16822,932,895.82
16823,932,896.62
16824,932,912.13
16825,932,896.0
16826,932,909.14
16827,932,910.17
16828,932,910.4
16829,932,917.14
16830,932,914.44
16831,932,912.22
16832,932,924.68
16833,932,901.44
16834,932,902.18
16835,932,898.36
16836,932,906.16
16837,932,910.14
16838,932,913.9
16839,932,910.28
16840,932,904.75
16841,932,910.27
16842,932,913.47
16843,932,895.55
16844,932,913.54
16845,932,916.03
16846,932,910.45
16847,932,913.76
16848,932,918.05
16849,932,916.12
16850,932,916.79
16851,932,908.75
16852,932,904.82
16853,932,916.76
16854,932,903.15
16855,932,917.21
16856,932,919.81
16857,932,916.0
16858,932,915.53
16859,932,915.38
16860,932,904.84
16861,932,899.71
16862,932,902.98
16863,932,913.46
16864,932,916.06
16865,932,909.08
16866,932,908.11
16867,932,908.14
16868,932,922.12
16869,932,905.67
16870,932,906.8
16871,932,911.72
16872,932,918.0
16873,932,905.69
16874,932,903.44
16875,932,914.36
16876,932,917.29
16877,932,915.07
16878,932,918.03
16879,932,910.1
16880,932,906.84
16881,932,921.47
16882,932,920.1
16883,932,893.58
16884,932,914.66
16885,932,922.24
16886,932,914.43
16887,932,905.22
16888,932,911.25
16889,932,923.41
16890,932,901.79
16891,932,916.7
16892,932,900.62
16893,932,911.29
16894,932,913.69
16895,932,913.86
16896,932,906.62
16897,932,902.91
16898,932,922.87
16899,932,906.44
16900,932,915.11
16901,932,918.81
16902,932,902.7
16903,932,918.38
16904,932,919.91
16905,932,926.13
16906,932,911.06
16907,932,912.06
16908,932,910.02
16909,932,906.27
16910,932,907.84
16911,932,904.17
16912,932,903.06
16913,932,907.65
16914,932,919.33
16915,932,913.0
16916,932,919.73
16917,932,917.15
16918,932,902.75
16919,932,909.07
16920,932,915.42
16921,932,909.79
16922,932,917.04
16923,932,912.82
16924,932,902.68
16925,932,912.6
16926,932,909.21
16927,932,914.71
16928,932,915.65
16929,932,900.59
16930,932,905.27
16931,932,913.93
16932,932,912.89
16933,932,913.89
16934,932,918.68
16935,932,911.31
16936,932,920.3
16937,932,904.3
16938,932,898.34
16939,932,911.02
16940,932,918.62
16941,932,914.38
16942,932,920.6
16943,932,924.99
16944,932,915.12
16945,932,913.88
16946,932,919.27
16947,932,916.28
16948,932,902.89
16949,932,913.42
16950,932,926.97
16951,932,925.22
16952,932,922.5
16953,932,902.01
16954,932,920.95
16955,932,923.75
16956,932,908.41
16957,932,914.2
16958,932,898.21
16959,932,917.19
16960,932,923.05
16961,932,918.1
16962,932,909.14
16963,932,905.17
16964,932,923.83
16965,932,916.71
16966,932,912.76
16967,932,913.28
16968,932,916.82
16969,932,910.25
16970,932,925.03
16971,932,903.96
16972,932,912.79
16973,932,911.24
16974,932,907.71
16975,932,921.62
16976,932,926.67
16977,932,923.42
16978,932,909.35
16979,932,917.81
16980,932,904.25
16981,932,921.71
16982,932,913.63
16983,932,916.49
16984,932,914.51
16985,932,923.28
16986,932,916.1
16987,932,908.33
16988,932,920.96
16989,932,910.84
16990,932,907.26
16991,932,918.45
16992,932,913.09
16993,932,924.18
16994,932,913.22
16995,932,916.63
16996,932,908.11
16997,932,917.49
16998,932,923.9
16999,932,909.3
17000,932,915.19
17001,932,921.31
17002,932,917.08
17003,932,924.08
17004,932,902.17
17005,932,917.36
17006,932,914.8
17007,932,909.24
17008,932,922.4
17009,932,916.73
17010,932,912.22
17011,932,919.01
17012,932,917.03
17013,932,921.01
17014,932,915.95
17015,932,904.11
17016,932,912.68
17017,932,904.92
17018,932,920.71
17019,932,912.64
17020,932,907.19
17021,932,911.96
17022,932,917.42
17023,932,915.73
17024,932,913.52
17025,932,914.35
17026,932,910.42
17027,932,913.98
17028,932,910.15
17029,932,912.11
17030,932,909.37
17031,932,911.93
17032,932,912.17
17033,932,901.68
17034,932,921.22
17035,932,910.47
17036,932,916.0
17037,932,915.43
17038,932,914.81
17039,932,921.03
17040,932,919.31
17041,932,922.38
17042,932,911.34
17043,932,921.05
17044,932,921.22
17045,932,915.87
17046,932,913.45
17047,932,915.27
17048,932,906.67
17049,932,912.43
17050,932,923.44
17051,932,919.25
17052,932,913.46
17053,932,919.98
17054,932,921.7
17055,932,913.53
17056,932,912.05
17057,932,916.44
17058,932,901.44
17059,932,921.66
17060,932,910.93
17061,932,909.56
17062,932,915.89
17063,932,917.64
17064,932,904.38
17065,932,898.0
17066,932,915.24
17067,932,914.59
17068,932,914.73
17069,932,923.11
17070,932,912.12
17071,932,905.97
17072,932,913.37
17073,932,909.67
17074,932,905.62
17075,932,911.91
17076,932,918.28
17077,932,906.82
17078,932,898.69
17079,932,910.28
17080,932,927.74
17081,932,913.91
17082,932,913.25
17083,932,917.21
17084,932,924.62
17085,932,905.25
17086,932,913.96
17087,932,904.3
17088,932,911.72
17089,932,920.72
17090,932,907.57
17091,932,918.76
17092,932,915.42
17093,932,918.98
17094,932,914.18
17095,932,924.08
17096,932,918.86
17097,932,916.37
17098,932,918.61
17099,932,908.77
17100,932,891.55
17101,932,903.23
17102,932,914.79
17103,932,914.66
17104,932,922.21
17105,932,916.68
17106,932,922.52
17107,932,906.43
17108,932,922.2
17109,932,915.08
17110,932,916.6
17111,932,920.34
17112,932,904.36
17113,932,917.41
17114,932,924.37
17115,932,914.59
17116,932,922.5
17117,932,911.71
17118,932,922.75
17119,932,924.15
17120,932,905.49
17121,932,923.33
17122,932,913.59
17123,932,917.46
17124,932,912.86
17125,932,907.36
17126,932,894.01
17127,932,919.45
17128,932,900.98
17129,932,914.14
17130,932,904.54
17131,932,919.05
17132,932,908.97
17133,932,920.77
17134,932,907.16
17135,932,905.13
17136,932,919.56
17137,932,914.21
17138,932,910.13
17139,932,914.88
17140,932,904.58
17141,932,905.51
17142,932,911.08
17143,932,905.75
17144,932,900.3
17145,932,914.92
17146,932,917.31
17147,932,921.68
17148,932,913.52
17149,932,900.34
17150,932,913.78
17151,932,915.58
17152,932,917.76
17153,932,923.63
17154,932,909.29
17155,932,918.89
17156,932,912.28
17157,932,914.71
17158,932,913.21
17159,932,914.21
17160,932,922.75
17161,932,912.49
17162,932,919.64
17163,932,899.72
17164,932,910.19
17165,932,915.58
17166,932,917.71
17167,932,912.51
17168,932,899.58
17169,932,914.28
17170,932,917.84
17171,932,920.67
17172,932,915.86
17173,932,919.2
17174,932,914.23
17175,932,897.4
17176,932,911.5
17177,932,908.28
17178,932,915.99
17179,932,914.54
17180,932,909.86
17181,932,918.19
17182,932,918.95
17183,932,917.08
17184,932,911.48
17185,932,916.32
17186,932,919.71
17187,932,910.29
17188,932,910.21
17189,932,910.18
17190,932,910.83
17191,932,911.2
17192,932,910.51
17193,932,901.7
17194,932,920.01
17195,932,914.1
17196,932,921.59
17197,932,922.05
17198,932,904.6
17199,932,915.45
17200,932,919.12
17201,932,918.52
17202,932,910.11
17203,932,912.97
17204,932,907.13
17205,932,919.61
17206,932,910.48
17207,932,913.75
17208,932,913.44
17209,932,912.33
17210,932,919.99
17211,932,918.31
17212,932,909.36
17213,932,910.79
17214,932,916.61
17215,932,905.28
17216,932,915.21
17217,932,905.29
17218,932,908.72
17219,932,910.41
17220,932,916.73
17221,932,919.94
17222,932,924.54
17223,932,913.9
17224,932,920.36
17225,932,918.45
17226,932,919.82
17227,932,916.09
17228,932,924.17
17229,932,922.27
17230,932,911.6
17231,932,914.07
17232,932,912.27
17233,932,923.51
17234,932,912.12
17235,932,908.63
17236,932,898.84
17237,932,910.15
17238,932,906.12
17239,932,911.42
17240,932,917.46
17241,932,911.55
17242,932,901.77
17243,932,920.34
17244,932,918.95
17245,932,914.08
17246,932,908.53
17247,932,913.96
17248,932,921.21
17249,932,901.25
17250,932,911.96
17251,932,916.85
17252,932,920.91
17253,932,903.7
17254,932,920.89
17255,932,907.66
17256,932,919.14
17257,932,894.66
17258,932,917.24
17259,932,905.55
17260,932,917.2
17261,932,908.46
17262,932,922.14
17263,932,916.46
17264,932,913.32
17265,932,905.84
17266,932,915.33
17267,932,918.84
17268,932,922.92
17269,932,921.47
17270,932,921.79
17271,932,910.53
17272,932,911.25
17273,932,903.41
17274,932,906.35
17275,932,922.26
17276,932,921.3
17277,932,914.5
17278,932,918.37
17279,932,906.38
17280,932,904.8
17281,932,903.72
17282,932,925.92
17283,932,895.62
17284,932,908.99
17285,932,920.3
17286,932,901.74
17287,932,904.21
17288,932,911.03
17289,932,912.8
17290,932,916.5
17291,932,915.61
17292,932,920.09
17293,932,898.82
17294,932,909.01
17295,932,920.23
17296,932,919.65
17297,932,908.51
17298,932,917.99
17299,932,927.64
17300,932,912.14
17301,932,919.83
17302,932,912.83
17303,932,928.25
17304,932,919.55
17305,932,910.01
17306,932,905.89
17307,932,923.55
17308,932,920.39
17309,932,914.98
17310,932,903.69
17311,932,911.2
17312,932,914.29
17313,932,922.55
17314,932,914.35
17315,932,904.76
17316,932,913.81
17317,932,914.59
17318,932,908.91
17319,932,917.02
17320,932,915.4
17321,932,909.17
17322,932,906.9
17323,932,899.28
17324,932,903.54
17325,932,909.31
17326,932,915.15
17327,932,916.04
17328,932,908.83
17329,932,893.05
17330,932,918.44
17331,932,895.37
17332,932,896.71
17333,932,917.73
17334,932,917.7
17335,932,922.2
17336,932,919.28
17337,932,920.04
17338,932,917.57
17339,932,914.57
17340,932,916.36
17341,932,909.98
17342,932,911.59
17343,932,908.62
17344,932,914.15
17345,932,911.92
17346,932,912.51
17347,932,919.77
17348,932,919.87
17349,932,916.16
17350,932,891.5
17351,932,910.58
17352,932,913.21
17353,932,911.76
17354,932,918.33
17355,932,909.58
17356,932,909.73
17357,932,912.63
17358,932,916.8
17359,932,909.18
17360,932,893.04
17361,932,908.19
17362,932,914.32
17363,932,915.51
17364,932,903.01
17365,932,914.67
17366,932,904.6
17367,932,908.84
17368,932,907.43
17369,932,897.69
17370,932,912.74
17371,932,900.85
17372,932,913.24
17373,932,902.35
17374,932,912.59
17375,932,917.04
17376,932,912.98
17377,932,900.29
17378,932,918.12
17379,932,914.57
17380,932,912.81
17381,932,917.33
17382,932,899.54
17383,932,916.04
17384,932,894.32
17385,932,916.91
17386,932,915.99
17387,932,925.46
17388,932,920.51
17389,932,919.59
17390,932,919.5
17391,932,917.69
17392,932,909.35
17393,932,922.03
17394,932,924.07
17395,932,920.86
17396,932,908.85
17397,932,912.92
17398,932,907.23
17399,932,912.45
17400,932,913.43
17401,932,906.2
17402,932,915.86
17403,932,908.13
17404,932,913.86
17405,932,912.84
17406,932,910.31
17407,932,917.75
17408,932,917.51
17409,932,908.84
17410,932,909.04
17411,932,908.15
17412,932,916.83
17413,932,926.12
17414,932,907.74
17415,932,911.87
17416,932,914.01
17417,932,914.02
17418,932,915.73
17419,932,916.54
17420,932,925.13
17421,932,915.8
17422,932,926.11
17423,932,905.57
17424,932,908.9
17425,932,915.66
17426,932,921.04
17427,932,915.46
17428,932,919.67
17429,932,924.76
17430,932,905.03
17431,932,912.16
17432,932,920.82
17433,932,911.97
17434,932,920.31
17435,932,904.6
17436,932,911.21
17437,932,913.53
17438,932,913.37
17439,932,901.67
17440,932,914.5
17441,932,915.23
17442,932,919.56
17443,932,918.75
17444,932,904.91
17445,932,911.7
17446,932,911.24
17447,932,904.41
17448,932,921.46
17449,932,906.87
17450,932,910.82
17451,932,924.0
17452,932,915.14
17453,932,910.67
17454,932,914.69
17455,932,911.41
17456,932,916.19
17457,932,910.13
17458,932,918.38
17459,932,911.82
17460,932,918.69
17461,932,917.19
17462,932,926.21
17463,932,906.15
17464,932,911.68
17465,932,906.87
17466,932,917.99
17467,932,922.88
17468,932,912.64
17469,932,913.05
17470,932,909.65
17471,932,920.29
17472,932,905.75
17473,932,914.05
17474,932,915.45
17475,932,919.98
17476,932,923.09
17477,932,913.4
17478,932,916.13
17479,932,924.65
17480,932,910.21
17481,932,912.77
17482,932,913.51
17483,932,915.8
17484,932,909.17
17485,932,912.25
17486,932,916.58
17487,932,919.77
17488,932,915.01
17489,932,921.56
17490,932,916.86
17491,932,911.89
17492,932,908.7
17493,932,901.18
17494,932,908.52
17495,932,907.06
17496,932,920.63
17497,932,908.21
17498,932,915.65
17499,932,922.08
17500,932,907.06
17501,932,919.07
17502,932,893.42
17503,932,912.11
17504,932,915.24
17505,932,925.83
17506,932,909.84
17507,932,923.07
17508,932,913.96
17509,932,913.33
17510,932,913.01
17511,932,916.71
17512,932,914.15
17513,932,909.89
17514,932,905.33
17515,932,914.42
17516,932,895.23
17517,932,920.31
17518,932,922.83
17519,932,897.86
17520,932,910.95
17521,932,921.25
17522,932,921.12
17523,932,916.23
17524,932,911.0
17525,932,907.99
17526,932,917.83
17527,932,910.77
17528,932,920.66
17529,932,908.09
17530,932,918.98
17531,932,904.72
17532,932,914.3
17533,932,918.63
17534,932,907.74
17535,932,893.15
17536,932,905.64
17537,932,897.23
17538,932,913.51
17539,932,919.77
17540,932,919.89
17541,932,912.44
17542,932,921.56
17543,932,902.68
17544,932,923.94
17545,932,918.0
17546,932,924.0
17547,932,907.22
17548,932,926.65
17549,932,914.43
17550,932,918.02
17551,932,910.91
17552,932,914.62
17553,932,910.64
17554,932,917.54
17555,932,915.37
17556,932,908.17
17557,932,923.22
17558,932,901.88
17559,932,910.34
17560,932,916.96
17561,932,898.09
17562,932,912.3
17563,932,901.2
17564,932,905.37
17565,932,911.84
17566,932,922.51
17567,932,926.74
17568,932,907.22
17569,932,921.7
17570,932,916.04
17571,932,911.57
17572,932,916.53
17573,932,919.97
17574,932,907.51
17575,932,913.21
17576,932,910.29
17577,932,919.03
17578,932,903.79
17579,932,914.6
17580,932,902.32
17581,932,904.39
17582,932,922.64
17583,932,911.07
17584,932,918.66
17585,932,914.91
17586,932,916.13
17587,932,909.4
17588,932,916.91
17589,932,909.18
17590,932,918.89
17591,932,905.11
17592,932,918.89
17593,932,916.37
17594,932,910.73
17595,932,911.21
17596,932,909.15
17597,932,910.48
17598,932,913.38
17599,932,912.41
17600,932,920.6
17601,932,915.54
17602,932,914.27
17603,932,914.06
17604,932,910.15
17605,932,902.42
17606,932,909.54
17607,932,908.38
17608,932,919.71
17609,932,924.53
17610,932,926.87
17611,932,915.11
17612,932,921.52
17613,932,917.64
17614,932,906.46
17615,932,904.01
17616,932,910.73
17617,932,914.22
17618,932,912.58
17619,932,914.1
17620,932,912.43
17621,932,901.58
17622,932,912.43
17623,932,915.56
17624,932,907.15
17625,932,916.88
17626,932,907.77
17627,932,910.82
17628,932,916.6
17629,932,925.31
17630,932,922.86
17631,932,915.2
17632,932,910.54
17633,932,912.7
17634,932,902.87
17635,932,918.37
17636,932,914.77
17637,932,915.46
17638,932,910.72
17639,932,919.4
17640,932,916.16
17641,932,916.42
17642,932,918.75
17643,932,922.35
17644,932,890.7
17645,932,909.25
17646,932,896.41
17647,932,904.65
17648,932,910.29
17649,932,901.58
17650,932,912.77
17651,932,919.59
17652,932,912.09
17653,932,901.6
17654,932,912.57
17655,932,907.78
17656,932,919.5
17657,932,918.95
17658,932,914.76
17659,932,897.51
17660,932,915.85
17661,932,919.1
17662,932,913.48
17663,932,911.24
17664,932,905.9
17665,932,924.99
17666,932,901.56
17667,932,910.78
17668,932,924.96
17669,932,919.79
17670,932,920.55
17671,932,912.56
17672,932,904.54
17673,932,914.48
17674,932,918.19
17675,932,919.34
17676,932,912.87
17677,932,910.16
17678,932,914.75
17679,932,915.81
17680,932,923.31
17681,932,914.21
17682,932,922.22
17683,932,908.77
17684,932,910.05
17685,932,922.08
17686,932,909.66
17687,932,916.23
17688,932,907.26
17689,932,894.69
17690,932,915.04
17691,932,907.29
17692,932,903.44
17693,932,917.15
17694,932,907.8
17695,932,915.41
17696,932,914.09
17697,932,909.07
17698,932,914.32
17699,932,914.69
17700,932,905.46
17701,932,912.75
17702,932,914.26
17703,932,913.68
17704,932,888.12
17705,932,917.22
17706,932,910.41
17707,932,917.37
17708,932,925.19
17709,932,912.17
17710,932,905.22
17711,932,914.73
17712,932,889.11
17713,932,914.73
17714,932,913.52
17715,932,902.85
17716,932,921.23
17717,932,908.67
17718,932,910.92
17719,932,913.34
17720,932,903.21
17721,932,917.64
17722,932,917.21
17723,932,909.06
17724,932,919.61
17725,932,914.99
17726,932,913.98
17727,932,904.27
17728,932,909.9
17729,932,921.43
17730,932,921.42
17731,932,894.82
17732,932,922.09
17733,932,917.24
17734,932,914.54
17735,932,921.73
17736,932,913.21
17737,932,922.18
17738,932,904.74
17739,932,908.55
17740,932,913.43
17741,932,904.45
17742,932,912.27
17743,932,907.99
17744,932,913.02
17745,932,914.9
17746,932,915.42
17747,932,906.22
17748,932,908.68
17749,932,913.93
17750,932,917.18
17751,932,904.24
17752,932,917.5
17753,932,907.6
17754,932,918.09
17755,932,923.72
17756,932,917.66
17757,932,904.65
17758,932,898.86
17759,932,910.52
17760,932,903.73
17761,932,921.81
17762,932,921.3
17763,932,917.15
17764,932,911.6
17765,932,909.47
17766,932,908.61
17767,932,916.13
17768,932,916.05
17769,932,901.46
17770,932,912.2
17771,932,921.86
17772,932,909.54
17773,932,912.54
17774,932,907.81
17775,932,915.14
17776,932,905.55
17777,932,920.19
17778,932,914.87
17779,932,908.7
17780,932,918.47
17781,932,902.92
17782,932,924.0
17783,932,910.93
17784,932,911.07
17785,932,902.16
17786,932,922.88
17787,932,919.35
17788,932,911.47
17789,932,928.3
17790,932,915.81
17791,932,915.93
17792,932,914.51
17793,932,927.47
17794,932,914.82
17795,932,903.79
17796,932,922.99
17797,932,906.44
17798,932,907.14
17799,932,922.94
17800,932,914.93
17801,932,918.2
17802,932,919.34
17803,932,918.65
17804,932,927.0
17805,932,909.47
17806,932,915.01
17807,932,906.81
17808,932,915.84
17809,932,908.63
17810,932,924.27
17811,932,915.24
17812,932,916.28
17813,932,921.93
17814,932,912.13
17815,932,915.31
17816,932,905.71
17817,932,915.86
17818,932,923.55
17819,932,913.72
17820,932,913.57
17821,932,919.83
17822,932,910.93
17823,932,923.09
17824,932,915.54
17825,932,906.93
17826,932,909.15
17827,932,911.35
17828,932,915.27
17829,932,906.83
17830,932,923.78
17831,932,918.06
17832,932,922.42
17833,932,922.54
17834,932,912.14
17835,932,909.17
17836,932,900.78
17837,932,919.06
17838,932,911.44
17839,932,913.35
17840,932,910.47
17841,932,908.03
17842,932,916.16
17843,932,913.4
17844,932,918.21
17845,932,917.84
17846,932,912.97
17847,932,915.4
17848,932,912.51
17849,932,915.3
17850,932,895.27
17851,932,911.16
17852,932,917.65
17853,932,908.41
17854,932,916.12
17855,932,910.57
17856,932,916.21
17857,932,921.6
17858,932,909.03
17859,932,916.55
17860,932,904.31
17861,932,909.81
17862,932,902.6
17863,932,921.53
17864,932,911.95
17865,932,911.44
17866,932,913.13
17867,932,910.02
17868,932,915.93
17869,932,914.97
17870,932,904.76
17871,932,919.99
17872,932,913.7
17873,932,920.99
17874,932,924.11
17875,932,888.54
17876,932,901.9
17877,932,902.79
17878,932,909.62
17879,932,899.28
17880,932,905.58
17881,932,920.89
17882,932,905.22
17883,932,896.72
17884,932,908.9
17885,932,917.8
17886,932,915.84
17887,932,918.34
17888,932,914.17
17889,932,913.43
17890,932,914.32
17891,932,913.33
17892,932,921.9
17893,932,921.18
17894,932,915.56
17895,932,893.82
17896,932,912.91
17897,932,915.28
17898,932,909.53
17899,932,917.3
17900,932,915.68
17901,932,916.15
17902,932,922.0
17903,932,913.87
17904,932,919.81
17905,932,915.59
17906,932,909.4
17907,932,908.9
17908,932,920.94
17909,932,906.05
17910,932,916.6
17911,932,911.55
17912,932,916.76
17913,932,916.69
17914,932,908.72
17915,932,911.86
17916,932,904.93
17917,932,898.71
17918,932,919.11
17919,932,905.86
17920,932,916.82
17921,932,908.82
17922,932,914.9
17923,932,921.57
17924,932,914.51
17925,932,915.87
17926,932,917.25
17927,932,922.43
17928,932,897.48
17929,932,917.61
17930,932,915.51
17931,932,918.4
17932,932,910.48
17933,932,921.7
17934,932,916.6
17935,932,913.45
17936,932,918.55
17937,932,920.21
17938,932,928.33
17939,932,909.92
17940,932,907.19
17941,932,914.21
17942,932,912.72
17943,932,913.0
17944,932,921.29
17945,932,916.47
17946,932,903.39
17947,932,911.64
17948,932,911.7
17949,932,914.4
17950,932,909.23
17951,932,915.55
17952,932,908.57
17953,932,924.88
17954,932,913.51
17955,932,905.34
17956,932,915.26
17957,932,896.93
17958,932,917.5
17959,932,900.19
17960,932,923.06
17961,932,905.71
17962,932,916.3
17963,932,917.42
17964,932,918.8
17965,932,916.26
17966,932,915.2
17967,932,914.39
17968,932,911.57
17969,932,897.22
17970,932,911.06
17971,932,915.07
17972,932,918.37
17973,932,924.79
17974,932,904.12
17975,932,919.21
17976,932,909.18
17977,932,903.09
17978,932,923.08
17979,932,909.9
17980,932,916.44
17981,932,920.46
17982,932,912.89
17983,932,914.25
17984,932,902.56
17985,932,921.89
17986,932,898.24
17987,932,922.52
17988,932,918.77
17989,932,914.08
17990,932,914.31
17991,932,913.32
17992,932,891.64
17993,932,911.51
17994,932,919.06
17995,932,906.56
17996,932,912.29
17997,932,914.94
17998,932,904.57
17999,932,907.51
18000,932,919.43
18001,932,913.12
18002,932,907.85
18003,932,907.27
18004,932,922.9
18005,932,908.86
18006,932,914.6
18007,932,908.38
18008,932,922.02
18009,932,925.31
18010,932,911.46
18011,932,909.74
18012,932,904.71
18013,932,917.33
18014,932,920.56
18015,932,912.43
18016,932,918.85
18017,932,921.77
18018,932,918.98
18019,932,924.01
18020,932,910.83
18021,932,894.97
18022,932,908.39
18023,932,909.06
18024,932,912.91
18025,932,922.55
18026,932,910.82
18027,932,917.07
18028,932,911.13
18029,932,910.52
18030,932,913.67
18031,932,906.83
18032,932,909.17
18033,932,902.96
18034,932,922.67
18035,932,915.17
18036,932,913.31
18037,932,906.57
18038,932,899.75
18039,932,917.78
18040,932,914.88
18041,932,889.88
18042,932,909.45
18043,932,916.09
18044,932,905.24
18045,932,916.0
18046,932,919.43
18047,932,911.93
18048,932,914.5
18049,932,896.34
18050,932,902.36
18051,932,916.47
18052,932,908.43
18053,932,914.06
18054,932,917.43
18055,932,917.07
18056,932,911.65
18057,932,927.38
18058,932,912.1
18059,932,919.5
18060,932,913.92
18061,932,900.88
18062,932,915.7
18063,932,916.06
18064,932,905.38
18065,932,904.72
18066,932,914.94
18067,932,917.23
18068,932,912.04
18069,932,916.03
18070,932,907.03
18071,932,922.21
18072,932,913.02
18073,932,910.35
18074,932,918.71
18075,932,920.51
18076,932,923.2
18077,932,921.13
18078,932,908.53
18079,932,920.85
18080,932,912.87
18081,932,921.17
18082,932,904.82
18083,932,907.99
18084,932,916.29
18085,932,914.25
18086,932,904.67
18087,932,909.61
18088,932,907.17
18089,932,912.13
18090,932,910.99
18091,932,917.53
18092,932,911.38
18093,932,903.88
18094,932,917.06
18095,932,902.29
18096,932,923.46
18097,932,912.66
18098,932,914.52
18099,932,915.47
18100,932,906.76
18101,932,914.65
18102,932,917.53
18103,932,899.25
18104,932,914.39
18105,932,912.7
18106,932,894.28
18107,932,907.5
18108,932,910.07
18109,932,909.92
18110,932,923.22
18111,932,914.44
18112,932,926.77
18113,932,914.22
18114,932,913.76
18115,932,913.21
18116,932,906.09
18117,932,899.61
18118,932,907.84
18119,932,912.26
18120,932,900.7
18121,932,911.29
18122,932,912.67
18123,932,909.69
18124,932,918.92
18125,932,919.38
18126,932,903.43
18127,932,919.05
18128,932,908.93
18129,932,911.39
18130,932,912.73
18131,932,898.0
18132,932,918.9
18133,932,917.73
18134,932,906.56
18135,932,916.06
18136,932,911.23
18137,932,925.43
18138,932,914.35
18139,932,915.75
18140,932,898.58
18141,932,916.26
18142,932,913.71
18143,932,922.42
18144,932,919.78
18145,932,915.61
18146,932,908.37
18147,932,915.93
18148,932,904.96
18149,932,892.71
18150,932,921.32
18151,932,902.57
18152,932,894.52
18153,932,919.84
18154,932,913.29
18155,932,910.12
18156,932,911.91
18157,932,913.64
18158,932,915.29
18159,932,925.58
18160,932,917.18
18161,932,914.91
18162,932,922.38
18163,932,913.35
18164,932,924.03
18165,932,908.83
18166,932,923.65
18167,932,912.08
18168,932,913.91
18169,932,909.17
18170,932,896.93
18171,932,911.98
18172,932,909.09
18173,932,921.02
18174,932,918.82
18175,932,915.08
18176,932,919.41
18177,932,921.35
18178,932,925.91
18179,932,918.95
18180,932,908.44
18181,932,905.81
18182,932,897.57
18183,932,905.6
18184,932,904.26
18185,932,908.47
18186,932,908.34
18187,932,918.23
18188,932,905.36
18189,932,909.68
18190,932,913.02
18191,932,906.98
18192,932,906.1
18193,932,915.58
18194,932,911.51
18195,932,896.16
18196,932,912.05
18197,932,907.2
18198,932,907.78
18199,932,907.08
18200,932,901.08
18201,932,915.1
18202,932,903.82
18203,932,901.48
18204,932,894.86
18205,932,915.76
18206,932,897.85
18207,932,922.63
18208,932,918.33
18209,932,919.57
18210,932,910.81
18211,932,907.01
18212,932,907.08
18213,932,908.75
18214,932,910.06
18215,932,912.66
18216,932,920.86
18217,932,904.76
18218,932,894.86
18219,932,917.79
18220,932,923.79
18221,932,914.75
18222,932,921.54
18223,932,906.69
18224,932,910.25
18225,932,913.36
18226,932,914.8
18227,932,909.21
18228,932,909.1
18229,932,901.63
18230,932,912.7
18231,932,912.27
18232,932,922.67
18233,932,910.94
18234,932,919.66
18235,932,921.72
18236,932,912.66
18237,932,921.64
18238,932,923.29
18239,932,910.03
18240,932,898.85
18241,932,909.82
18242,932,922.73
18243,932,919.65
18244,932,897.19
18245,932,920.21
18246,932,905.58
18247,932,914.23
18248,932,910.04
18249,932,908.94
18250,932,910.76
18251,932,913.63
18252,932,917.23
18253,932,912.76
18254,932,908.2
18255,932,891.17
18256,932,907.58
18257,932,911.24
18258,932,906.51
18259,932,911.49
18260,932,899.81
18261,932,916.19
18262,932,921.68
18263,932,911.44
18264,932,904.63
18265,932,907.81
18266,932,899.09
18267,932,920.56
18268,932,910.77
18269,932,919.41
18270,932,913.0
18271,932,917.0
18272,932,903.47
18273,932,905.59
18274,932,927.07
18275,932,907.1
18276,932,914.74
18277,932,911.58
18278,932,916.93
18279,932,918.88
18280,932,919.41
18281,932,921.93
18282,932,917.44
18283,932,908.39
18284,932,914.63
18285,932,899.24
18286,932,910.61
18287,932,899.47
18288,932,919.22
18289,932,921.06
18290,932,912.55
18291,932,917.7
18292,932,921.76
18293,932,917.71
18294,932,903.37
18295,932,918.95
18296,932,909.55
18297,932,913.19
18298,932,916.82
18299,932,922.08
18300,932,897.37
18301,932,899.53
18302,932,918.05
18303,932,907.18
18304,932,918.26
18305,932,912.2
18306,932,906.05
18307,932,914.74
18308,932,912.32
18309,932,895.94
18310,932,910.55
18311,932,913.92
18312,932,920.85
18313,932,917.15
18314,932,913.33
18315,932,912.22
18316,932,924.18
18317,932,915.36
18318,932,902.03
18319,932,908.11
18320,932,912.94
18321,932,908.46
18322,932,895.66
18323,932,920.43
18324,932,922.39
18325,932,917.4
18326,932,911.77
18327,932,917.17
18328,932,918.82
18329,932,911.61
18330,932,915.93
18331,932,905.19
18332,932,905.82
18333,932,911.06
18334,932,907.94
18335,932,921.73
18336,932,917.73
18337,932,921.12
18338,932,907.58
18339,932,912.57
18340,932,902.42
18341,932,915.57
18342,932,914.32
18343,932,914.58
18344,932,912.99
18345,932,905.37
18346,932,907.22
18347,932,908.22
18348,932,907.56
18349,932,922.95
18350,932,905.67
18351,932,919.09
18352,932,908.49
18353,932,911.5
18354,932,919.72
18355,932,922.25
18356,932,909.37
18357,932,915.09
18358,932,911.53
18359,932,916.94
18360,932,911.93
18361,932,925.42
18362,932,918.91
18363,932,916.56
18364,932,919.92
18365,932,923.1
18366,932,913.66
18367,932,901.74
18368,932,926.07
18369,932,903.56
18370,932,915.55
18371,932,915.75
18372,932,920.08
18373,932,909.33
18374,932,906.74
18375,932,912.87
18376,932,923.5
18377,932,907.35
18378,932,911.25
18379,932,912.06
18380,932,918.44
18381,932,916.75
18382,932,914.66
18383,932,920.96
18384,932,924.86
18385,932,911.04
18386,932,921.9
18387,932,909.26
18388,932,912.45
18389,932,920.54
18390,932,911.01
18391,932,898.32
18392,932,922.62
18393,932,909.48
18394,932,919.7
18395,932,910.65
18396,932,909.24
18397,932,894.87
18398,932,915.45
18399,932,913.65
18400,932,912.31
18401,932,901.41
18402,932,920.1
18403,932,924.74
18404,932,915.83
18405,932,918.43
18406,932,906.19
18407,932,916.94
18408,932,905.18
18409,932,913.77
18410,932,924.49
18411,932,911.37
18412,932,907.25
18413,932,917.89
18414,932,906.46
18415,932,916.5
18416,932,907.37
18417,932,906.41
18418,932,921.39
18419,932,912.97
18420,932,912.13
18421,932,912.03
18422,932,913.91
18423,932,923.46
18424,932,912.21
18425,932,908.99
18426,932,918.31
18427,932,920.23
18428,932,917.15
18429,932,898.35
18430,932,916.52
18431,932,901.82
18432,932,914.15
18433,932,908.95
18434,932,917.14
18435,932,900.83
18436,932,914.92
18437,932,913.18
18438,932,899.68
18439,932,915.76
18440,932,922.78
18441,932,915.21
18442,932,918.12
18443,932,921.89
18444,932,912.74
18445,932,915.6
18446,932,901.19
18447,932,906.85
18448,932,905.08
18449,932,915.19
18450,932,921.17
18451,932,913.48
18452,932,918.99
18453,932,917.08
18454,932,919.49
18455,932,916.01
18456,932,908.48
18457,932,916.8
18458,932,902.72
18459,932,903.73
18460,932,903.25
18461,932,904.55
18462,932,901.35
18463,932,918.26
18464,932,886.23
18465,932,916.58
18466,932,913.44
18467,932,912.92
18468,932,916.47
18469,932,909.43
18470,932,913.45
18471,932,910.23
18472,932,906.38
18473,932,892.74
18474,932,913.19
18475,932,898.58
18476,932,919.77
18477,932,903.39
18478,932,910.26
18479,932,910.32
18480,932,913.89
18481,932,916.79
18482,932,919.66
18483,932,900.4
18484,932,910.16
18485,932,911.19
18486,932,913.63
18487,932,911.73
18488,932,903.96
18489,932,909.07
18490,932,902.77
18491,932,920.24
18492,932,893.69
18493,932,915.13
18494,932,915.56
18495,932,902.29
18496,932,910.25
18497,932,907.52
18498,932,917.76
18499,932,914.79
18500,932,911.71
18501,932,908.69
18502,932,908.36
18503,932,919.07
18504,932,917.99
18505,932,919.12
18506,932,920.54
18507,932,903.91
18508,932,917.06
18509,932,911.64
18510,932,920.09
18511,932,920.74
18512,932,911.99
18513,932,912.82
18514,932,917.89
18515,932,915.67
18516,932,901.57
18517,932,905.2
18518,932,912.67
18519,932,909.53
18520,932,903.26
18521,932,897.68
18522,932,929.7
18523,932,907.85
18524,932,912.53
18525,932,915.14
18526,932,907.4
18527,932,905.39
18528,932,919.47
18529,932,915.92
18530,932,920.08
18531,932,909.4
18532,932,910.34
18533,932,922.7
18534,932,915.38
18535,932,902.39
18536,932,912.77
18537,932,905.68
18538,932,898.41
18539,932,909.87
18540,932,912.46
18541,932,899.15
18542,932,911.63
18543,932,919.92
18544,932,918.41
18545,932,904.78
18546,932,913.13
18547,932,915.14
18548,932,922.18
18549,932,918.65
18550,932,923.99
18551,932,902.49
18552,932,916.75
18553,932,904.12
18554,932,920.19
18555,932,914.38
18556,932,904.9
18557,932,904.74
18558,932,919.54
18559,932,914.42
18560,932,915.19
18561,932,910.58
18562,932,914.61
18563,932,917.64
18564,932,901.21
18565,932,916.57
18566,932,913.19
18567,932,914.3
18568,932,916.46
18569,932,918.6
18570,932,917.05
18571,932,915.35
18572,932,904.94
18573,932,920.5
18574,932,909.62
18575,932,915.03
18576,932,913.71
18577,932,904.49
18578,932,920.65
18579,932,904.88
18580,932,912.67
18581,932,906.36
18582,932,916.04
18583,932,913.23
18584,932,920.9
18585,932,914.37
18586,932,913.09
18587,932,909.68
18588,932,903.6
18589,932,918.38
18590,932,913.4
18591,932,905.53
18592,932,909.2
18593,932,917.91
18594,932,901.63
18595,932,901.92
18596,932,913.85
18597,932,896.9
18598,932,918.33
18599,932,913.75
18600,932,893.07
18601,932,916.67
18602,932,901.74
18603,932,909.21
18604,932,923.87
18605,932,916.38
18606,932,919.36
18607,932,912.55
18608,932,916.58
18609,932,886.23
18610,932,909.11
18611,932,919.41
18612,932,916.0
18613,932,914.01
18614,932,925.53
18615,932,923.56
18616,932,907.81
18617,932,912.76
18618,932,918.27
18619,932,912.46
18620,932,922.3
18621,932,909.67
18622,932,914.78
18623,932,907.97
18624,932,911.41
18625,932,920.22
18626,932,891.04
18627,932,918.75
18628,932,907.45
18629,932,897.07
18630,932,912.54
18631,932,923.79
18632,932,896.03
18633,932,919.33
18634,932,920.64
18635,932,906.64
18636,932,917.54
18637,932,905.25
18638,932,906.27
18639,932,910.49
18640,932,915.28
18641,932,914.13
18642,932,920.23
18643,932,923.47
18644,932,914.56
18645,932,923.14
18646,932,904.38
18647,932,911.58
18648,932,912.48
18649,932,909.28
18650,932,913.45
18651,932,903.85
18652,932,923.93
18653,932,916.23
18654,932,913.12
18655,932,911.95
18656,932,915.21
18657,932,913.89
18658,932,902.69
18659,932,912.34
18660,932,897.83
18661,932,916.33
18662,932,920.67
18663,932,917.07
18664,932,904.68
18665,932,920.51
18666,932,892.97
18667,932,903.1
18668,932,914.93
18669,932,914.76
18670,932,912.5
18671,932,916.17
18672,932,918.37
18673,932,904.74
18674,932,918.82
18675,932,904.14
18676,932,908.2
18677,932,904.22
18678,932,910.72
18679,932,904.35
18680,932,899.9
18681,932,923.97
18682,932,897.0
18683,932,902.99
18684,932,910.95
18685,932,903.99
18686,932,908.52
18687,932,907.41
18688,932,907.91
18689,932,910.63
18690,932,915.78
18691,932,923.81
18692,932,915.89
18693,932,915.7
18694,932,897.43
18695,932,906.43
18696,932,900.32
18697,932,900.68
18698,932,924.76
18699,932,913.81
18700,932,920.59
18701,932,913.57
18702,932,908.29
18703,932,903.15
18704,932,908.55
18705,932,913.23
18706,932,905.02
18707,932,909.87
18708,932,919.37
18709,932,906.78
18710,932,912.29
18711,932,913.26
18712,932,911.94
18713,932,921.38
18714,932,909.5
18715,932,917.29
18716,932,920.97
18717,932,904.76
18718,932,906.4
18719,932,911.9
18720,932,916.52
18721,932,921.4
18722,932,915.02
18723,932,905.03
18724,932,910.4
18725,932,904.85
18726,932,921.9
18727,932,918.34
18728,932,899.75
18729,932,904.67
18730,932,913.26
18731,932,903.15
18732,932,926.27
18733,932,909.24
18734,932,915.52
18735,932,906.92
18736,932,911.89
18737,932,889.61
18738,932,914.7
18739,932,920.19
18740,932,913.87
18741,932,906.16
18742,932,925.64
18743,932,916.12
18744,932,897.81
18745,932,899.64
18746,932,915.59
18747,932,914.76
18748,932,917.91
18749,932,915.23
18750,932,904.78
18751,932,914.74
18752,932,908.96
18753,932,898.6
18754,932,910.43
18755,932,917.38
18756,932,905.44
18757,932,907.33
18758,932,926.26
18759,932,914.09
18760,932,908.69
18761,932,916.78
18762,932,917.76
18763,932,905.66
18764,932,905.12
18765,932,922.06
18766,932,914.33
18767,932,915.51
18768,932,899.57
18769,932,896.3
18770,932,904.79
18771,932,910.13
18772,932,912.89
18773,932,912.35
18774,932,907.42
18775,932,912.79
18776,932,918.42
18777,932,911.77
18778,932,901.2
18779,932,894.37
18780,932,908.3
18781,932,921.54
18782,932,912.23
18783,932,909.9
18784,932,915.2
18785,932,912.35
18786,932,906.6
18787,932,899.81
18788,932,913.44
18789,932,920.01
18790,932,907.94
18791,932,908.63
18792,932,912.36
18793,932,918.94
18794,932,918.45
18795,932,905.62
18796,932,915.1
18797,932,908.9
18798,932,920.38
18799,932,907.65
18800,932,914.69
18801,932,912.57
18802,932,920.05
18803,932,913.29
18804,932,902.67
18805,932,900.63
18806,932,908.49
18807,932,911.74
18808,932,901.11
18809,932,912.1
18810,932,916.77
18811,932,915.04
18812,932,913.02
18813,932,891.3
18814,932,918.49
18815,932,910.71
18816,932,919.73
18817,932,913.9
18818,932,887.92
18819,932,920.02
18820,932,915.43
18821,932,912.23
18822,932,916.03
18823,932,910.08
18824,932,911.91
18825,932,907.49
18826,932,910.12
18827,932,915.52
18828,932,924.52
18829,932,916.51
18830,932,909.8
18831,932,911.62
18832,932,907.05
18833,932,917.71
18834,932,914.55
18835,932,913.24
18836,932,893.43
18837,932,913.38
18838,932,915.92
18839,932,917.99
18840,932,911.07
18841,932,912.48
18842,932,905.47
18843,932,928.28
18844,932,904.44
18845,932,912.23
18846,932,917.88
18847,932,916.96
18848,932,910.06
18849,932,910.43
18850,932,919.26
18851,932,897.12
18852,932,912.22
18853,932,912.83
18854,932,903.76
18855,932,903.52
18856,932,916.84
18857,932,922.05
18858,932,902.17
18859,932,909.72
18860,932,913.39
18861,932,920.26
18862,932,914.79
18863,932,924.5
18864,932,920.51
18865,932,923.57
18866,932,905.49
18867,932,921.44
18868,932,925.3
18869,932,915.25
18870,932,920.96
18871,932,898.21
18872,932,904.44
18873,932,905.13
18874,932,900.13
18875,932,918.27
18876,932,920.5
18877,932,915.61
18878,932,911.4
18879,932,908.7
18880,932,909.31
18881,932,903.1
18882,932,915.03
18883,932,925.78
18884,932,911.02
18885,932,915.56
18886,932,909.08
18887,932,925.51
18888,932,920.67
18889,932,915.63
18890,932,909.01
18891,932,922.61
18892,932,926.97
18893,932,915.78
18894,932,913.65
18895,932,905.94
18896,932,915.93
18897,932,909.43
18898,932,921.22
18899,932,919.43
18900,932,915.62
18901,932,920.19
18902,932,927.96
18903,932,919.45
18904,932,919.92
18905,932,902.91
18906,932,917.56
18907,932,905.84
18908,932,906.73
18909,932,914.59
18910,932,915.68
18911,932,919.6
18912,932,914.49
18913,932,912.66
18914,932,905.29
18915,932,908.36
18916,932,909.1
18917,932,909.96
18918,932,907.09
18919,932,914.7
18920,932,910.52
18921,932,917.83
18922,932,912.54
18923,932,916.1
18924,932,921.35
18925,932,911.72
18926,932,915.49
18927,932,915.25
18928,932,905.06
18929,932,922.34
18930,932,910.01
18931,932,910.79
18932,932,914.05
18933,932,920.2
18934,932,916.96
18935,932,923.43
18936,932,917.24
18937,932,914.0
18938,932,885.27
18939,932,905.88
18940,932,923.81
18941,932,909.18
18942,932,926.54
18943,932,911.78
18944,932,906.49
18945,932,916.08
18946,932,914.41
18947,932,916.39
18948,932,909.9
18949,932,915.0
18950,932,915.88
18951,932,920.97
18952,932,909.33
18953,932,909.53
18954,932,914.35
18955,932,915.93
18956,932,906.43
18957,932,918.69
18958,932,916.59
18959,932,914.09
18960,932,912.83
18961,932,922.97
18962,932,914.11
18963,932,911.16
18964,932,916.12
18965,932,904.18
18966,932,919.77
18967,932,905.24
18968,932,903.45
18969,932,903.88
18970,932,917.4
18971,932,911.66
18972,932,912.05
18973,932,913.13
18974,932,899.46
18975,932,915.99
18976,932,902.92
18977,932,908.8
18978,932,909.26
18979,932,917.78
18980,932,910.51
18981,932,920.67
18982,932,918.0
18983,932,901.73
18984,932,914.29
18985,932,891.12
18986,932,910.35
18987,932,909.1
18988,932,921.01
18989,932,918.64
18990,932,922.04
18991,932,912.15
18992,932,902.81
18993,932,915.91
18994,932,904.99
18995,932,914.37
18996,932,922.6
18997,932,916.97
18998,932,925.06
18999,932,919.11
19000,932,919.45
19001,932,916.65
19002,932,919.34
19003,932,909.74
19004,932,919.88
19005,932,908.86
19006,932,913.58
19007,932,910.78
19008,932,919.7
19009,932,913.04
19010,932,909.4
19011,932,916.2
19012,932,900.57
19013,932,912.19
19014,932,907.31
19015,932,917.85
19016,932,913.17
19017,932,913.84
19018,932,913.7
19019,932,912.3
19020,932,922.66
19021,932,915.48
19022,932,921.74
19023,932,925.36
19024,932,910.9
19025,932,918.96
19026,932,914.68
19027,932,908.78
19028,932,921.0
19029,932,905.66
19030,932,921.95
19031,932,907.57
19032,932,914.95
19033,932,921.71
19034,932,915.8
19035,932,916.85
19036,932,913.84
19037,932,921.39
19038,932,911.75
19039,932,918.73
19040,932,903.68
19041,932,928.05
19042,932,917.47
19043,932,911.66
19044,932,904.92
19045,932,922.96
19046,932,912.4
19047,932,908.18
19048,932,913.94
19049,932,912.76
19050,932,919.52
19051,932,912.68
19052,932,917.33
19053,932,911.95
19054,932,907.42
19055,932,899.94
19056,932,908.32
19057,932,917.42
19058,932,904.38
19059,932,918.34
19060,932,908.95
19061,932,912.79
19062,932,905.72
19063,932,907.98
19064,932,908.4
19065,932,905.45
19066,932,909.92
19067,932,915.78
19068,932,910.86
19069,932,909.24
19070,932,908.84
19071,932,897.74
19072,932,909.3
19073,932,907.94
19074,932,916.41
19075,932,911.37
19076,932,910.32
19077,932,922.41
19078,932,919.29
19079,932,906.86
19080,932,897.46
19081,932,900.1
19082,932,899.14
19083,932,917.46
19084,932,907.58
19085,932,901.09
19086,932,904.63
19087,932,911.31
19088,932,917.1
19089,932,901.84
19090,932,913.03
19091,932,910.39
19092,932,904.29
19093,932,910.69
19094,932,913.34
19095,932,920.76
19096,932,899.28
19097,932,927.71
19098,932,907.6
19099,932,915.37
19100,932,899.94
19101,932,920.63
19102,932,923.7
19103,932,925.61
19104,932,915.09
19105,932,921.82
19106,932,926.25
19107,932,919.66
19108,932,886.95
19109,932,913.03
19110,932,924.58
19111,932,919.59
19112,932,921.07
19113,932,927.2
19114,932,913.61
19115,932,910.78
19116,932,902.46
19117,932,909.49
19118,932,907.57
19119,932,911.74
19120,932,919.6
19121,932,924.39
19122,932,918.56
19123,932,909.99
19124,932,912.25
19125,932,900.3
19126,932,900.2
19127,932,915.51
19128,932,914.78
19129,932,912.94
19130,932,901.91
19131,932,903.5
19132,932,908.78
19133,932,905.6
19134,932,915.04
19135,932,915.5
19136,932,914.41
19137,932,912.91
19138,932,894.09
19139,932,913.95
19140,932,915.96
19141,932,901.73
19142,932,918.5
19143,932,921.41
19144,932,918.85
19145,932,919.42
19146,932,920.14
19147,932,916.29
19148,932,913.04
19149,932,905.56
19150,932,908.2
19151,932,903.29
19152,932,913.63
19153,932,923.04
19154,932,914.46
19155,932,906.4
19156,932,906.58
19157,932,911.46
19158,932,901.2
19159,932,900.94
19160,932,903.47
19161,932,922.52
19162,932,900.29
19163,932,911.34
19164,932,906.15
19165,932,923.62
19166,932,916.78
19167,932,910.94
19168,932,915.97
19169,932,918.83
19170,932,914.63
19171,932,905.18
19172,932,915.67
19173,932,915.25
19174,932,901.52
19175,932,910.82
19176,932,922.81
19177,932,910.92
19178,932,915.22
19179,932,917.17
19180,932,917.4
19181,932,903.08
19182,932,923.16
19183,932,909.66
19184,932,905.84
19185,932,923.2
19186,932,906.17
19187,932,919.33
19188,932,918.12
19189,932,896.16
19190,932,914.84
19191,932,921.49
19192,932,922.61
19193,932,911.17
19194,932,909.5
19195,932,905.84
19196,932,918.94
19197,932,893.27
19198,932,923.55
19199,932,907.5
19200,932,915.73
19201,932,896.42
19202,932,907.29
19203,932,912.54
19204,932,915.3
19205,932,899.83
19206,932,920.05
19207,932,915.83
19208,932,917.89
19209,932,916.26
19210,932,920.02
19211,932,901.92
19212,932,898.22
19213,932,918.17
19214,932,914.11
19215,932,914.63
19216,932,904.08
19217,932,908.02
19218,932,917.39
19219,932,892.25
19220,932,911.82
19221,932,916.67
19222,932,920.1
19223,932,916.08
19224,932,900.08
19225,932,902.87
19226,932,906.95
19227,932,905.93
19228,932,912.68
19229,932,914.25
19230,932,908.85
19231,932,914.57
19232,932,914.07
19233,932,897.24
19234,932,920.76
19235,932,920.61
19236,932,913.58
19237,932,912.19
19238,932,912.71
19239,932,915.86
19240,932,920.16
19241,932,911.2
19242,932,909.67
19243,932,915.21
19244,932,899.47
19245,932,918.6
19246,932,908.35
19247,932,911.27
19248,932,904.97
19249,932,922.02
19250,932,917.86
19251,932,902.78
19252,932,914.69
19253,932,914.17
19254,932,903.14
19255,932,912.27
19256,932,900.45
19257,932,911.25
19258,932,918.55
19259,932,925.95
19260,932,913.35
19261,932,916.49
19262,932,911.74
19263,932,912.5
19264,932,909.22
19265,932,907.36
19266,932,920.25
19267,932,919.89
19268,932,919.87
19269,932,917.83
19270,932,918.87
19271,932,918.22
19272,932,914.9
19273,932,918.55
19274,932,907.17
19275,932,917.9
19276,932,920.44
19277,932,921.94
19278,932,915.67
19279,932,913.79
19280,932,901.12
19281,932,912.48
19282,932,893.93
19283,932,908.96
19284,932,917.12
19285,932,920.41
19286,932,922.53
19287,932,918.66
19288,932,907.48
19289,932,918.06
19290,932,924.19
19291,932,919.94
19292,932,916.51
19293,932,914.03
19294,932,921.7
19295,932,918.91
19296,932,918.31
19297,932,907.2
19298,932,913.04
19299,932,921.81
19300,932,913.37
19301,932,909.37
19302,932,918.92
19303,932,918.74
19304,932,897.75
19305,932,898.87
19306,932,913.59
19307,932,911.68
19308,932,917.79
19309,932,913.63
19310,932,913.62
19311,932,902.76
19312,932,913.13
19313,932,913.66
19314,932,909.22
19315,932,900.21
19316,932,905.29
19317,932,907.89
19318,932,913.78
19319,932,914.66
19320,932,914.4
19321,932,895.02
19322,932,917.57
19323,932,914.5
19324,932,902.82
19325,932,917.48
19326,932,912.98
19327,932,920.85
19328,932,918.5
19329,932,920.19
19330,932,910.47
19331,932,905.46
19332,932,914.63
19333,932,900.21
19334,932,915.56
19335,932,912.08
19336,932,898.17
19337,932,918.6
19338,932,907.14
19339,932,920.76
19340,932,919.18
19341,932,916.71
19342,932,912.47
19343,932,923.69
19344,932,909.04
19345,932,910.72
19346,932,916.21
19347,932,926.69
19348,932,916.28
19349,932,909.17
19350,932,916.19
19351,932,914.15
19352,932,909.35
19353,932,910.78
19354,932,904.84
19355,932,916.69
19356,932,903.05
19357,932,909.52
19358,932,919.46
19359,932,910.24
19360,932,905.87
19361,932,911.34
19362,932,903.68
19363,932,913.29
19364,932,897.38
19365,932,914.23
19366,932,910.72
19367,932,912.13
19368,932,917.7
19369,932,914.32
19370,932,901.02
19371,932,915.31
19372,932,908.9
19373,932,927.25
19374,932,910.26
19375,932,907.31
19376,932,922.89
19377,932,921.43
19378,932,905.89
19379,932,918.5
19380,932,909.51
19381,932,912.56
19382,932,919.5
19383,932,917.32
19384,932,916.69
19385,932,910.55
19386,932,919.75
19387,932,908.44
19388,932,918.5
19389,932,911.8
19390,932,920.99
19391,932,903.28
19392,932,918.61
19393,932,916.86
19394,932,911.44
19395,932,896.06
19396,932,926.94
19397,932,911.83
19398,932,900.78
19399,932,914.84
19400,932,912.52
19401,932,893.79
19402,932,917.13
19403,932,904.64
19404,932,923.7
19405,932,911.62
19406,932,919.83
19407,932,916.92
19408,932,914.07
19409,932,915.7
19410,932,920.14
19411,932,916.04
19412,932,921.87
19413,932,911.31
19414,932,906.37
19415,932,903.77
19416,932,910.49
19417,932,916.84
19418,932,911.73
19419,932,911.91
19420,932,913.09
19421,932,917.43
19422,932,915.17
19423,932,917.08
19424,932,912.56
19425,932,908.57
19426,932,912.75
19427,932,914.33
19428,932,917.98
19429,932,911.74
19430,932,908.19
19431,932,916.99
19432,932,912.88
19433,932,916.44
19434,932,906.83
19435,932,915.06
19436,932,926.58
19437,932,921.41
19438,932,926.28
19439,932,912.36
19440,932,911.77
19441,932,919.14
19442,932,918.64
19443,932,918.45
19444,932,911.56
19445,932,907.05
19446,932,911.1
19447,932,919.19
19448,932,906.93
19449,932,919.79
19450,932,914.73
19451,932,915.91
19452,932,911.35
19453,932,911.68
19454,932,913.62
19455,932,915.0
19456,932,909.21
19457,932,903.13
19458,932,918.06
19459,932,913.24
19460,932,915.14
19461,932,908.49
19462,932,917.69
19463,932,920.05
19464,932,916.99
19465,932,916.12
19466,932,922.28
19467,932,896.63
19468,932,914.02
19469,932,918.33
19470,932,916.75
19471,932,917.64
19472,932,924.48
19473,932,921.97
19474,932,910.85
19475,932,919.64
19476,932,920.7
19477,932,916.14
19478,932,893.32
19479,932,909.09
19480,932,906.39
19481,932,906.25
19482,932,910.08
19483,932,917.19
19484,932,913.89
19485,932,906.11
19486,932,910.09
19487,932,905.15
19488,932,912.01
19489,932,909.54
19490,932,909.06
19491,932,913.98
19492,932,912.84
19493,932,910.03
19494,932,912.94
19495,932,913.25
19496,932,904.49
19497,932,921.41
19498,932,913.57
19499,932,905.77
19500,932,920.85
19501,932,905.12
19502,932,907.54
19503,932,914.27
19504,932,919.22
19505,932,903.06
19506,932,914.45
19507,932,920.6
19508,932,911.72
19509,932,912.15
19510,932,908.35
19511,932,911.8
19512,932,921.9
19513,932,919.6
19514,932,914.45
19515,932,911.14
19516,932,913.61
19517,932,921.24
19518,932,915.41
19519,932,907.59
19520,932,923.99
19521,932,899.28
19522,932,906.14
19523,932,923.33
19524,932,916.85
19525,932,915.86
19526,932,899.89
19527,932,905.51
19528,932,911.62
19529,932,913.97
19530,932,912.5
19531,932,915.7
19532,932,915.56
19533,932,911.68
19534,932,915.54
19535,932,919.26
19536,932,913.96
19537,932,899.06
19538,932,902.25
19539,932,903.04
19540,932,926.15
19541,932,913.23
19542,932,916.14
19543,932,915.13
19544,932,926.06
19545,932,909.93
19546,932,923.58
19547,932,910.42
19548,932,910.84
19549,932,920.59
19550,932,910.36
19551,932,916.41
19552,932,904.13
19553,932,908.95
19554,932,911.84
19555,932,903.16
19556,932,907.49
19557,932,918.24
19558,932,904.95
19559,932,920.42
19560,932,907.49
19561,932,919.75
19562,932,915.62
19563,932,918.76
19564,932,918.44
19565,932,921.56
19566,932,913.0
19567,932,911.77
19568,932,917.31
19569,932,919.36
19570,932,908.77
19571,932,917.44
19572,932,923.51
19573,932,922.63
19574,932,910.62
19575,932,912.91
19576,932,919.91
19577,932,911.73
19578,932,914.52
19579,932,921.64
19580,932,914.85
19581,932,906.92
19582,932,915.9
19583,932,913.7
19584,932,918.02
19585,932,907.83
19586,932,927.17
19587,932,914.78
19588,932,913.32
19589,932,921.28
19590,932,915.08
19591,932,913.22
19592,932,914.13
19593,932,916.86
19594,932,912.62
19595,932,910.99
19596,932,905.45
19597,932,928.56
19598,932,909.64
19599,932,899.98
19600,932,885.09
19601,932,909.39
19602,932,918.37
19603,932,920.7
19604,932,918.2
19605,932,925.71
19606,932,916.66
19607,932,916.62
19608,932,910.09
19609,932,916.78
19610,932,920.35
19611,932,914.96
19612,932,919.26
19613,932,906.44
19614,932,915.33
19615,932,912.34
19616,932,921.82
19617,932,920.37
19618,932,924.05
19619,932,919.93
19620,932,923.44
19621,932,905.93
19622,932,907.68
19623,932,915.9
19624,932,906.9
19625,932,913.39
19626,932,917.67
19627,932,925.13
19628,932,909.14
19629,932,914.34
19630,932,918.62
19631,932,921.27
19632,932,917.99
19633,932,924.36
19634,932,920.51
19635,932,905.01
19636,932,918.78
19637,932,911.08
19638,932,918.36
19639,932,883.4
19640,932,911.87
19641,932,910.3
19642,932,914.76
19643,932,917.13
19644,932,923.28
19645,932,893.0
19646,932,917.53
19647,932,911.91
19648,932,910.47
19649,932,915.35
19650,932,911.58
19651,932,912.68
19652,932,916.12
19653,932,915.95
19654,932,920.91
19655,932,905.8
19656,932,924.31
19657,932,922.9
19658,932,907.45
19659,932,910.06
19660,932,911.96
19661,932,899.03
19662,932,909.36
19663,932,917.15
19664,932,918.92
19665,932,922.46
19666,932,923.17
19667,932,905.6
19668,932,914.07
19669,932,914.26
19670,932,898.53
19671,932,921.99
19672,932,922.48
19673,932,901.37
19674,932,916.69
19675,932,916.58
19676,932,920.57
19677,932,920.55
19678,932,916.59
19679,932,910.75
19680,932,912.37
19681,932,914.28
19682,932,902.98
19683,932,910.1
19684,932,918.22
19685,932,918.3
19686,932,904.22
19687,932,904.11
19688,932,912.17
19689,932,910.83
19690,932,910.11
19691,932,907.54
19692,932,910.09
19693,932,908.38
19694,932,899.29
19695,932,904.72
19696,932,912.1
19697,932,915.94
19698,932,921.32
19699,932,894.82
19700,932,914.9
19701,932,902.42
19702,932,917.75
19703,932,913.01
19704,932,920.16
19705,932,917.7
19706,932,910.92
19707,932,913.11
19708,932,912.04
19709,932,917.88
19710,932,909.97
19711,932,908.83
19712,932,909.2
19713,932,898.54
19714,932,908.72
19715,932,901.87
19716,932,913.82
19717,932,908.06
19718,932,913.28
19719,932,916.29
19720,932,910.67
19721,932,919.03
19722,932,898.56
19723,932,916.85
19724,932,902.48
19725,932,921.88
19726,932,898.41
19727,932,899.8
19728,932,911.25
19729,932,919.54
19730,932,914.74
19731,932,900.69
19732,932,917.52
19733,932,919.77
19734,932,918.01
19735,932,924.16
19736,932,913.32
19737,932,905.39
19738,932,921.18
19739,932,904.41
19740,932,917.37
19741,932,918.98
19742,932,921.05
19743,932,919.79
19744,932,920.12
19745,932,919.18
19746,932,921.0
19747,932,907.25
19748,932,923.85
19749,932,921.15
19750,932,895.95
19751,932,899.06
19752,932,905.34
19753,932,906.3
19754,932,906.72
19755,932,905.49
19756,932,920.69
19757,932,910.91
19758,932,915.98
19759,932,909.82
19760,932,913.7
19761,932,922.07
19762,932,920.57
19763,932,905.92
19764,932,912.13
19765,932,906.68
19766,932,907.67
19767,932,918.99
19768,932,907.82
19769,932,907.57
19770,932,912.43
19771,932,921.16
19772,932,919.41
19773,932,905.47
19774,932,917.1
19775,932,923.84
19776,932,913.12
19777,932,916.38
19778,932,921.02
19779,932,923.22
19780,932,917.94
19781,932,915.84
19782,932,911.69
19783,932,914.95
19784,932,924.9
19785,932,916.25
19786,932,908.59
19787,932,915.7
19788,932,901.69
19789,932,914.49
19790,932,911.15
19791,932,905.04
19792,932,913.69
19793,932,915.85
19794,932,906.83
19795,932,916.91
19796,932,913.71
19797,932,917.46
19798,932,915.12
19799,932,920.05
19800,932,910.14
19801,932,914.17
19802,932,921.95
19803,932,912.67
19804,932,925.0
19805,932,917.99
19806,932,906.41
19807,932,913.19
19808,932,922.84
19809,932,909.02
19810,932,920.61
19811,932,922.2
19812,932,905.62
19813,932,917.55
19814,932,922.24
19815,932,912.98
19816,932,908.32
19817,932,904.65
19818,932,909.6
19819,932,914.61
19820,932,906.69
19821,932,908.07
19822,932,919.31
19823,932,908.41
19824,932,908.53
19825,932,917.27
19826,932,907.62
19827,932,918.54
19828,932,906.68
19829,932,911.79
19830,932,919.09
19831,932,918.01
19832,932,912.71
19833,932,925.06
19834,932,906.52
19835,932,910.89
19836,932,908.5
19837,932,915.71
19838,932,900.64
19839,932,915.15
19840,932,919.85
19841,932,903.14
19842,932,919.62
19843,932,912.5
19844,932,920.93
19845,932,903.23
19846,932,912.56
19847,932,903.99
19848,932,902.75
19849,932,911.72
19850,932,897.86
19851,932,906.42
19852,932,910.4
19853,932,914.64
19854,932,915.11
19855,932,892.15
19856,932,916.47
19857,932,912.65
19858,932,924.16
19859,932,907.45
19860,932,921.45
19861,932,918.43
19862,932,913.98
19863,932,910.35
19864,932,906.43
19865,932,909.02
19866,932,909.81
19867,932,916.44
19868,932,913.9
19869,932,921.24
19870,932,917.68
19871,932,903.81
19872,932,913.6
19873,932,922.98
19874,932,910.61
19875,932,907.78
19876,932,912.97
19877,932,923.89
19878,932,901.74
19879,932,912.83
19880,932,914.3
19881,932,912.88
19882,932,913.04
19883,932,909.87
19884,932,910.68
19885,932,903.48
19886,932,918.77
19887,932,912.69
19888,932,906.99
19889,932,914.58
19890,932,922.22
19891,932,920.61
19892,932,916.41
19893,932,906.83
19894,932,917.29
19895,932,912.45
19896,932,919.63
19897,932,920.97
19898,932,900.01
19899,932,897.45
19900,932,922.88
19901,932,907.89
19902,932,916.09
19903,932,917.3
19904,932,901.87
19905,932,902.49
19906,932,912.13
19907,932,916.93
19908,932,909.16
19909,932,918.91
19910,932,914.97
19911,932,903.33
19912,932,921.46
19913,932,906.63
19914,932,911.1
19915,932,927.05
19916,932,913.83
19917,932,903.09
19918,932,908.19
19919,932,921.34
19920,932,914.0
19921,932,902.84
19922,932,918.92
19923,932,908.17
19924,932,916.89
19925,932,917.29
19926,932,904.79
19927,932,919.42
19928,932,901.12
19929,932,915.4
19930,932,916.15
19931,932,911.64
19932,932,903.35
19933,932,924.3
19934,932,917.93
19935,932,900.54
19936,932,900.37
19937,932,909.97
19938,932,917.17
19939,932,913.85
19940,932,910.61
19941,932,906.62
19942,932,902.19
19943,932,917.0
19944,932,912.07
19945,932,920.6
19946,932,918.41
19947,932,914.86
19948,932,911.78
19949,932,908.89
19950,932,918.34
19951,932,916.3
19952,932,914.41
19953,932,906.94
19954,932,907.78
19955,932,910.9
19956,932,916.09
19957,932,907.1
19958,932,913.6
19959,932,911.35
19960,932,905.28
19961,932,918.09
19962,932,908.74
19963,932,926.0
19964,932,913.77
19965,932,916.25
19966,932,919.5
19967,932,903.22
19968,932,911.68
19969,932,914.56
19970,932,921.32
19971,932,897.91
19972,932,891.99
19973,932,920.08
19974,932,912.54
19975,932,920.4
19976,932,909.49
19977,932,907.48
19978,932,907.85
19979,932,914.01
19980,932,915.65
19981,932,923.69
19982,932,914.44
19983,932,914.96
19984,932,910.85
19985,932,904.81
19986,932,909.03
19987,932,910.84
19988,932,914.87
19989,932,916.48
19990,932,903.41
19991,932,916.69
19992,932,923.4
19993,932,913.52
19994,932,896.13
19995,932,924.35
19996,932,918.45
19997,932,904.34
19998,932,903.82
19999,932,916.56
20000,932,915.37
20001,932,922.27
20002,932,916.46
20003,932,909.85
20004,932,919.72
20005,932,914.51
20006,932,918.89
20007,932,904.91
20008,932,923.37
20009,932,904.9
20010,932,917.81
20011,932,917.3
20012,932,906.88
20013,932,915.13
20014,932,918.67
20015,932,910.03
20016,932,913.38
20017,932,916.04
20018,932,920.23
20019,932,903.54
20020,932,923.82
20021,932,918.36
20022,932,916.07
20023,932,920.42
20024,932,902.63
20025,932,915.85
20026,932,912.66
20027,932,908.36
20028,932,922.19
20029,932,918.52
20030,932,908.27
20031,932,901.03
20032,932,907.96
20033,932,918.19
20034,932,909.25
20035,932,895.37
20036,932,908.81
20037,932,915.2
20038,932,904.16
20039,932,916.2
20040,932,911.26
20041,932,905.91
20042,932,908.82
20043,932,904.98
20044,932,912.1
20045,932,913.38
20046,932,916.62
20047,932,912.76
20048,932,918.79
20049,932,898.85
20050,932,897.47
20051,932,918.6
20052,932,911.04
20053,932,911.57
20054,932,919.52
20055,932,903.45
20056,932,907.66
20057,932,910.17
20058,932,923.94
20059,932,910.63
20060,932,920.98
20061,932,919.71
20062,932,907.72
20063,932,918.29
20064,932,908.35
20065,932,901.19
20066,932,925.78
20067,932,909.01
20068,932,912.6
20069,932,913.18
20070,932,916.71
20071,932,911.36
20072,932,920.27
20073,932,915.47
20074,932,910.78
20075,932,920.05
20076,932,911.38
20077,932,908.29
20078,932,926.47
20079,932,916.12
20080,932,921.56
20081,932,913.05
20082,932,906.17
20083,932,889.28
20084,932,905.91
20085,932,912.89
20086,932,916.51
20087,932,917.53
20088,932,909.9
20089,932,901.89
20090,932,911.79
20091,932,894.27
20092,932,897.04
20093,932,921.25
20094,932,906.98
20095,932,910.43
20096,932,908.07
20097,932,917.77
20098,932,916.54
20099,932,900.16
20100,932,913.67
20101,932,916.03
20102,932,903.05
20103,932,906.25
20104,932,906.1
20105,932,905.5
20106,932,896.21
20107,932,913.5
20108,932,912.93
20109,932,920.87
20110,932,919.39
20111,932,908.98
20112,932,910.64
20113,932,915.68
20114,932,914.84
20115,932,909.63
20116,932,918.98
20117,932,921.22
20118,932,925.29
20119,932,918.17
20120,932,921.29
20121,932,901.75
20122,932,904.34
20123,932,915.86
20124,932,915.51
20125,932,902.81
20126,932,924.68
20127,932,909.44
20128,932,917.37
20129,932,913.5
20130,932,916.72
20131,932,912.8
20132,932,918.21
20133,932,914.84
20134,932,912.24
20135,932,917.39
20136,932,915.49
20137,932,917.37
20138,932,908.47
20139,932,916.1
20140,932,888.19
20141,932,915.79
20142,932,917.49
20143,932,921.53
20144,932,919.28
20145,932,913.08
20146,932,919.94
20147,932,913.35
20148,932,896.88
20149,932,924.52
20150,932,916.61
20151,932,909.2
20152,932,904.8
20153,932,917.49
20154,932,913.12
20155,932,919.2
20156,932,907.93
20157,932,914.95
20158,932,913.95
20159,932,906.1
20160,932,913.71
20161,932,922.66
20162,932,923.47
20163,932,911.96
20164,932,902.19
20165,932,911.54
20166,932,915.61
20167,932,908.22
20168,932,913.86
20169,932,917.47
20170,932,910.26
20171,932,905.98
20172,932,896.52
20173,932,922.03
20174,932,925.1
20175,932,917.35
20176,932,911.79
20177,932,909.03
20178,932,915.66
20179,932,906.69
20180,932,922.76
20181,932,914.06
20182,932,918.34
20183,932,898.4
20184,932,911.94
20185,932,913.44
20186,932,915.14
20187,932,912.7
20188,932,915.36
20189,932,920.64
20190,932,913.32
20191,932,907.48
20192,932,922.2
20193,932,905.01
20194,932,910.89
20195,932,905.47
20196,932,903.07
20197,932,911.34
20198,932,912.69
20199,932,897.32
20200,932,910.77
20201,932,915.87
20202,932,916.59
20203,932,907.16
20204,932,915.72
20205,932,917.97
20206,932,908.3
20207,932,914.95
20208,932,912.9
20209,932,913.38
20210,932,911.81
20211,932,905.05
20212,932,918.4
20213,932,916.54
20214,932,886.9
20215,932,914.06
20216,932,914.8
20217,932,911.47
20218,932,905.14
20219,932,920.13
20220,932,920.59
20221,932,925.16
20222,932,906.85
20223,932,903.4
20224,932,926.18
20225,932,906.4
20226,932,901.59
20227,932,915.83
20228,932,913.95
20229,932,913.14
20230,932,912.15
20231,932,915.22
20232,932,907.41
20233,932,918.21
20234,932,922.04
20235,932,919.7
20236,932,909.94
20237,932,911.11
20238,932,911.91
20239,932,902.69
20240,932,910.47
20241,932,906.96
20242,932,918.1
20243,932,917.37
20244,932,913.07
20245,932,911.06
20246,932,912.98
20247,932,911.43
20248,932,907.92
20249,932,914.24
20250,932,903.87
20251,932,919.23
20252,932,903.33
20253,932,924.25
20254,932,913.1
20255,932,910.65
20256,932,916.05
20257,932,900.85
20258,932,911.27
20259,932,917.05
20260,932,922.46
20261,932,914.03
20262,932,912.61
20263,932,919.27
20264,932,910.49
20265,932,914.38
20266,932,918.95
20267,932,927.63
20268,932,911.26
20269,932,922.11
20270,932,918.2
20271,932,921.3
20272,932,927.15
20273,932,919.33
20274,932,913.77
20275,932,902.5
20276,932,911.4
20277,932,913.95
20278,932,918.93
20279,932,911.08
20280,932,923.39
20281,932,908.64
20282,932,920.89
20283,932,917.38
20284,932,913.49
20285,932,910.1
20286,932,917.17
20287,932,923.26
20288,932,898.74
20289,932,914.49
20290,932,894.12
20291,932,917.67
20292,932,903.92
20293,932,921.85
20294,932,900.3
20295,932,910.26
20296,932,916.67
20297,932,905.73
20298,932,917.8
20299,932,910.87
20300,932,914.92
20301,932,916.3
20302,932,916.91
20303,932,907.49
20304,932,919.69
20305,932,909.75
20306,932,913.88
20307,932,916.16
20308,932,919.04
20309,932,914.23
20310,932,925.15
20311,932,903.14
20312,932,920.1
20313,932,903.9
20314,932,915.76
20315,932,909.52
20316,932,906.12
20317,932,916.57
20318,932,917.42
20319,932,914.9
20320,932,915.66
20321,932,909.68
20322,932,912.77
20323,932,900.23
20324,932,912.56
20325,932,899.4
20326,932,907.06
20327,932,912.02
20328,932,911.01
20329,932,914.75
20330,932,919.2
20331,932,904.94
20332,932,898.05
20333,932,921.43
20334,932,905.34
20335,932,909.97
20336,932,916.49
20337,932,912.38
20338,932,908.85
20339,932,900.38
20340,932,913.93
20341,932,916.54
20342,932,916.53
20343,932,919.26
20344,932,916.14
20345,932,908.26
20346,932,905.39
20347,932,920.89
20348,932,908.82
20349,932,902.26
20350,932,917.5
20351,932,909.54
20352,932,911.82
20353,932,915.67
20354,932,913.34
20355,932,916.26
20356,932,910.41
20357,932,909.74
20358,932,906.74
20359,932,916.59
20360,932,912.72
20361,932,914.01
20362,932,915.12
20363,932,910.71
20364,932,917.67
20365,932,911.27
20366,932,922.79
20367,932,920.96
20368,932,899.12
20369,932,917.84
20370,932,903.72
20371,932,911.23
20372,932,923.16
20373,932,915.16
20374,932,926.56
20375,932,910.05
20376,932,910.5
20377,932,909.85
20378,932,917.52
20379,932,911.78
20380,932,915.55
20381,932,921.23
20382,932,912.82
20383,932,900.36
20384,932,908.59
20385,932,908.07
20386,932,888.65
20387,932,917.1
20388,932,896.08
20389,932,911.1
20390,932,913.75
20391,932,906.14
20392,932,919.35
20393,932,917.29
20394,932,902.62
20395,932,910.06
20396,932,923.42
20397,932,917.69
20398,932,915.68
20399,932,916.7
20400,932,920.07
20401,932,902.65
20402,932,910.26
20403,932,923.49
20404,932,906.21
20405,932,913.3
20406,932,914.8
20407,932,919.39
20408,932,916.96
20409,932,909.2
20410,932,904.42
20411,932,918.75
20412,932,912.88
20413,932,913.98
20414,932,904.17
20415,932,916.44
20416,932,907.61
20417,932,909.31
20418,932,917.06
20419,932,922.21
20420,932,919.42
20421,932,904.61
20422,932,918.54
20423,932,922.18
20424,932,916.87
20425,932,917.02
20426,932,905.86
20427,932,925.06
20428,932,909.14
20429,932,911.1
20430,932,916.0
20431,932,914.72
20432,932,914.79
20433,932,913.1
20434,932,917.92
20435,932,923.75
20436,932,907.99
20437,932,909.31
20438,932,921.41
20439,932,907.11
20440,932,911.46
20441,932,920.47
20442,932,913.33
20443,932,909.25
20444,932,911.37
20445,932,911.1
20446,932,912.07
20447,932,907.67
20448,932,907.52
20449,932,910.46
20450,932,920.14
20451,932,919.17
20452,932,899.4
20453,932,919.98
20454,932,916.92
20455,932,921.94
20456,932,920.78
20457,932,910.03
20458,932,921.6
20459,932,910.78
20460,932,923.07
20461,932,908.23
20462,932,895.23
20463,932,910.11
20464,932,898.48
20465,932,917.1
20466,932,909.12
20467,932,911.85
20468,932,922.4
20469,932,905.9
20470,932,914.51
20471,932,908.62
20472,932,922.93
20473,932,915.32
20474,932,915.89
20475,932,917.52
20476,932,912.52
20477,932,922.15
20478,932,911.71
20479,932,915.79
20480,932,925.84
20481,932,910.45
20482,932,915.27
20483,932,907.27
20484,932,916.24
20485,932,900.84
20486,932,914.83
20487,932,901.3
20488,932,919.88
20489,932,918.8
20490,932,909.59
20491,932,921.06
20492,932,907.77
20493,932,912.68
20494,932,909.1
20495,932,912.72
20496,932,910.5
20497,932,918.71
20498,932,911.85
20499,932,909.02
20500,932,903.63
20501,932,898.33
20502,932,906.4
20503,932,912.84
20504,932,910.03
20505,932,913.33
20506,932,915.42
20507,932,907.47
20508,932,914.41
20509,932,912.3
20510,932,908.22
20511,932,914.44
20512,932,908.84
20513,932,910.17
20514,932,909.63
20515,932,906.02
20516,932,924.57
20517,932,920.56
20518,932,928.39
20519,932,916.07
20520,932,914.89
20521,932,898.23
20522,932,916.76
20523,932,908.84
20524,932,917.96
20525,932,912.55
20526,932,907.58
20527,932,924.75
20528,932,907.0
20529,932,908.48
20530,932,906.58
20531,932,904.55
20532,932,899.92
20533,932,906.3
20534,932,914.73
20535,932,912.38
20536,932,921.2
20537,932,917.91
20538,932,910.31
20539,932,902.48
20540,932,914.74
20541,932,900.7
20542,932,918.3
20543,932,920.91
20544,932,917.75
20545,932,905.88
20546,932,909.63
20547,932,912.17
20548,932,908.58
20549,932,920.15
20550,932,917.2
20551,932,915.84
20552,932,919.52
20553,932,918.0
20554,932,917.85
20555,932,908.41
20556,932,913.18
20557,932,922.77
20558,932,917.62
20559,932,911.88
20560,932,917.66
20561,932,914.57
20562,932,907.62
20563,932,914.64
20564,932,919.7
20565,932,915.08
20566,932,923.25
20567,932,926.57
20568,932,912.88
20569,932,922.07
20570,932,917.46
20571,932,909.78
20572,932,922.45
20573,932,909.4
20574,932,919.69
20575,932,918.42
20576,932,903.76
20577,932,910.49
20578,932,907.27
20579,932,902.19
20580,932,921.65
20581,932,913.95
20582,932,913.34
20583,932,909.49
20584,932,920.69
20585,932,916.22
20586,932,915.07
20587,932,920.61
20588,932,914.94
20589,932,918.06
20590,932,902.68
20591,932,921.71
20592,932,914.92
20593,932,911.49
20594,932,910.13
20595,932,915.47
20596,932,905.8
20597,932,913.13
20598,932,925.89
20599,932,922.76
20600,932,919.18
20601,932,921.45
20602,932,912.74
20603,932,922.84
20604,932,907.87
20605,932,911.17
20606,932,916.24
20607,932,905.35
20608,932,914.48
20609,932,913.9
20610,932,912.97
20611,932,919.24
20612,932,918.73
20613,932,901.88
20614,932,914.33
20615,932,905.62
20616,932,905.83
20617,932,915.57
20618,932,911.35
20619,932,905.82
20620,932,921.75
20621,932,908.37
20622,932,917.08
20623,932,918.68
20624,932,910.69
20625,932,919.11
20626,932,914.13
20627,932,915.85
20628,932,920.78
20629,932,916.81
20630,932,919.62
20631,932,915.91
20632,932,908.11
20633,932,904.96
20634,932,920.08
20635,932,894.61
20636,932,914.66
20637,932,909.95
20638,932,914.86
20639,932,903.39
20640,932,915.24
20641,932,910.7
20642,932,912.54
20643,932,921.33
20644,932,902.23
20645,932,906.94
20646,932,919.8
20647,932,915.92
20648,932,916.51
20649,932,909.41
20650,932,898.63
20651,932,924.06
20652,932,907.56
20653,932,916.16
20654,932,912.64
20655,932,907.88
20656,932,915.45
20657,932,913.55
20658,932,913.74
20659,932,902.41
20660,932,911.36
20661,932,913.01
20662,932,925.81
20663,932,897.29
20664,932,906.94
20665,932,913.99
20666,932,913.5
20667,932,907.31
20668,932,900.47
20669,932,902.27
20670,932,906.72
20671,932,921.83
20672,932,915.93
20673,932,921.09
20674,932,914.58
20675,932,902.09
20676,932,887.29
20677,932,905.14
20678,932,918.51
20679,932,906.49
20680,932,900.48
20681,932,920.45
20682,932,896.28
20683,932,907.98
20684,932,905.5
20685,932,920.28
20686,932,910.01
20687,932,918.53
20688,932,924.92
20689,932,918.53
20690,932,914.77
20691,932,904.39
20692,932,905.7
20693,932,895.93
20694,932,906.12
20695,932,922.9
20696,932,912.55
20697,932,913.21
20698,932,914.19
20699,932,909.79
20700,932,914.99
20701,932,903.51
20702,932,906.03
20703,932,908.48
20704,932,917.27
20705,932,914.64
20706,932,908.84
20707,932,925.27
20708,932,917.29
20709,932,901.52
20710,932,918.99
20711,932,905.53
20712,932,909.78
20713,932,905.6
20714,932,917.3
20715,932,909.54
20716,932,900.63
20717,932,902.0
20718,932,922.9
20719,932,903.31
20720,932,913.89
20721,932,924.65
20722,932,921.44
20723,932,894.7
20724,932,904.32
20725,932,908.73
20726,932,919.95
20727,932,919.24
20728,932,910.04
20729,932,912.21
20730,932,918.32
20731,932,912.7
20732,932,915.15
20733,932,920.22
20734,932,917.64
20735,932,910.43
20736,932,910.76
20737,932,897.35
20738,932,914.15
20739,932,910.97
20740,932,915.76
20741,932,918.66
20742,932,909.17
20743,932,920.39
20744,932,912.49
20745,932,919.61
20746,932,922.19
20747,932,904.08
20748,932,921.59
20749,932,914.32
20750,932,913.84
20751,932,910.97
20752,932,912.18
20753,932,908.66
20754,932,916.54
20755,932,906.96
20756,932,914.51
20757,932,920.32
20758,932,915.84
20759,932,917.29
20760,932,904.52
20761,932,913.04
20762,932,909.29
20763,932,911.45
20764,932,916.97
20765,932,914.99
20766,932,911.23
20767,932,917.88
20768,932,923.58
20769,932,902.06
20770,932,908.87
20771,932,907.32
20772,932,903.2
20773,932,913.15
20774,932,907.98
20775,932,917.19
20776,932,911.53
20777,932,919.74
20778,932,920.32
20779,932,925.54
20780,932,905.26
20781,932,916.88
20782,932,916.74
20783,932,911.67
20784,932,918.94
20785,932,897.98
20786,932,900.92
20787,932,899.72
20788,932,906.21
20789,932,912.95
20790,932,904.51
20791,932,912.56
20792,932,909.46
20793,932,922.16
20794,932,911.51
20795,932,919.21
20796,932,915.83
20797,932,910.68
20798,932,915.82
20799,932,923.78
20800,932,913.39
20801,932,914.33
20802,932,922.75
20803,932,918.84
20804,932,916.03
20805,932,923.02
20806,932,904.83
20807,932,912.75
20808,932,912.24
20809,932,924.29
20810,932,908.06
20811,932,920.11
20812,932,915.3
20813,932,921.37
20814,932,911.74
20815,932,911.1
20816,932,915.46
20817,932,915.68
20818,932,916.27
20819,932,913.12
20820,932,910.93
20821,932,901.4
20822,932,922.25
20823,932,918.99
20824,932,911.45
20825,932,902.27
20826,932,910.79
20827,932,916.47
20828,932,913.7
20829,932,922.29
20830,932,908.52
20831,932,918.39
20832,932,909.96
20833,932,918.33
20834,932,913.86
20835,932,920.91
20836,932,913.64
20837,932,914.54
20838,932,913.56
20839,932,924.2
20840,932,921.89
20841,932,917.15
20842,932,914.79
20843,932,911.46
20844,932,907.23
20845,932,911.47
20846,932,911.94
20847,932,911.3
20848,932,917.71
20849,932,926.48
20850,932,911.57
20851,932,922.21
20852,932,909.36
20853,932,909.85
20854,932,900.45
20855,932,903.02
20856,932,926.07
20857,932,912.02
20858,932,916.39
20859,932,917.93
20860,932,912.85
20861,932,912.72
20862,932,916.15
20863,932,910.05
20864,932,923.71
20865,932,907.48
20866,932,914.9
20867,932,915.42
20868,932,913.79
20869,932,904.72
20870,932,912.67
20871,932,909.1
20872,932,915.42
20873,932,923.78
20874,932,905.67
20875,932,919.26
20876,932,909.09
20877,932,915.97
20878,932,919.6
20879,932,922.12
20880,932,919.92
20881,932,902.6
20882,932,925.45
20883,932,913.97
20884,932,900.23
20885,932,915.23
20886,932,915.03
20887,932,916.96
20888,932,915.72
20889,932,908.66
20890,932,915.57
20891,932,907.68
20892,932,919.0
20893,932,908.25
20894,932,916.37
20895,932,905.03
20896,932,915.68
20897,932,905.51
20898,932,902.52
20899,932,913.44
20900,932,919.94
20901,932,921.32
20902,932,914.52
20903,932,910.32
20904,932,918.93
20905,932,918.19
20906,932,915.86
20907,932,920.39
20908,932,912.42
20909,932,917.05
20910,932,924.65
20911,932,912.03
20912,932,911.8
20913,932,914.03
20914,932,894.28
20915,932,923.21
20916,932,902.33
20917,932,913.61
20918,932,905.97
20919,932,914.51
20920,932,901.21
20921,932,906.55
20922,932,901.15
20923,932,911.66
20924,932,913.02
20925,932,921.22
20926,932,917.79
20927,932,915.46
20928,932,903.99
20929,932,907.87
20930,932,902.81
20931,932,908.05
20932,932,904.67
20933,932,921.57
20934,932,918.5
20935,932,912.71
20936,932,915.07
20937,932,914.36
20938,932,917.29
20939,932,917.4
20940,932,905.68
20941,932,900.43
20942,932,899.96
20943,932,914.86
20944,932,918.12
20945,932,916.3
20946,932,911.35
20947,932,922.68
20948,932,912.57
20949,932,904.67
20950,932,898.35
20951,932,916.12
20952,932,925.35
20953,932,907.97
20954,932,919.66
20955,932,912.35
20956,932,914.6
20957,932,913.45
20958,932,910.04
20959,932,906.98
20960,932,918.34
20961,932,918.93
20962,932,918.68
20963,932,918.52
20964,932,920.49
20965,932,900.0
20966,932,927.39
20967,932,911.17
20968,932,906.27
20969,932,913.19
20970,932,917.35
20971,932,907.99
20972,932,903.61
20973,932,913.29
20974,932,912.1
20975,932,911.73
20976,932,911.31
20977,932,912.81
20978,932,917.52
20979,932,906.2
20980,932,916.19
20981,932,916.48
20982,932,911.19
20983,932,911.78
20984,932,906.28
20985,932,919.51
20986,932,902.53
20987,932,919.7
20988,932,917.52
20989,932,905.82
20990,932,899.29
20991,932,898.86
20992,932,914.87
20993,932,919.19
20994,932,911.14
20995,932,912.24
20996,932,915.61
20997,932,917.11
20998,932,908.3
20999,932,921.56
21000,932,907.37
21001,932,921.32
21002,932,913.03
21003,932,914.84
21004,932,915.12
21005,932,922.24
21006,932,919.85
21007,932,914.69
21008,932,909.57
21009,932,912.92
21010,932,916.26
21011,932,915.04
21012,932,911.38
21013,932,919.79
21014,932,911.67
21015,932,921.0
21016,932,909.53
21017,932,895.71
21018,932,926.04
21019,932,912.37
21020,932,906.54
21021,932,896.51
21022,932,904.4
21023,932,908.04
21024,932,912.56
21025,932,916.99
21026,932,904.85
21027,932,914.04
21028,932,911.46
21029,932,903.2
21030,932,923.92
21031,932,915.57
21032,932,913.46
21033,932,915.13
21034,932,905.29
21035,932,916.37
21036,932,921.94
21037,932,896.91
21038,932,920.87
21039,932,920.01
21040,932,912.54
21041,932,918.36
21042,932,904.61
21043,932,907.22
21044,932,903.89
21045,932,913.01
21046,932,923.56
21047,932,899.21
21048,932,913.19
21049,932,910.73
21050,932,905.83
21051,932,924.49
21052,932,906.14
21053,932,910.79
21054,932,908.3
21055,932,921.51
21056,932,901.92
21057,932,912.04
21058,932,901.77
21059,932,913.01
21060,932,918.63
21061,932,905.76
21062,932,922.91
21063,932,901.49
21064,932,919.06
21065,932,918.5
21066,932,902.96
21067,932,904.77
21068,932,911.25
21069,932,912.48
21070,932,906.39
21071,932,913.85
21072,932,909.56
21073,932,917.32
21074,932,919.97
21075,932,925.14
21076,932,908.25
21077,932,906.82
21078,932,911.92
21079,932,906.94
21080,932,911.61
21081,932,915.04
21082,932,917.84
21083,932,899.6
21084,932,915.17
21085,932,919.31
21086,932,916.32
21087,932,917.01
21088,932,913.21
21089,932,918.43
21090,932,910.69
21091,932,910.03
21092,932,915.36
21093,932,914.25
21094,932,915.15
21095,932,920.35
21096,932,911.92
21097,932,919.5
21098,932,911.53
21099,932,913.81
21100,932,912.92
21101,932,918.17
21102,932,924.08
21103,932,912.32
21104,932,921.37
21105,932,910.32
21106,932,918.67
21107,932,916.92
21108,932,916.84
21109,932,907.01
21110,932,894.28
21111,932,919.58
21112,932,905.37
21113,932,909.57
21114,932,912.87
21115,932,914.42
21116,932,916.8
21117,932,923.57
21118,932,923.45
21119,932,911.73
21120,932,914.67
21121,932,921.26
21122,932,908.67
21123,932,918.85
21124,932,923.12
21125,932,894.08
21126,932,912.72
21127,932,909.38
21128,932,907.95
21129,932,925.36
21130,932,921.26
21131,932,905.92
21132,932,890.1
21133,932,907.5
21134,932,916.45
21135,932,922.86
21136,932,902.01
21137,932,914.67
21138,932,908.79
21139,932,920.36
21140,932,916.2
21141,932,907.42
21142,932,911.54
21143,932,920.24
21144,932,905.82
21145,932,917.69
21146,932,927.05
21147,932,914.68
21148,932,915.17
21149,932,918.03
21150,932,918.3
21151,932,912.55
21152,932,914.98
21153,932,920.0
21154,932,914.81
21155,932,913.2
21156,932,923.44
21157,932,913.53
21158,932,911.88
21159,932,914.42
21160,932,906.97
21161,932,913.31
21162,932,918.98
21163,932,915.24
21164,932,911.1
21165,932,919.15
21166,932,924.44
21167,932,909.0
21168,932,916.1
21169,932,926.39
21170,932,919.0
21171,932,908.83
21172,932,917.79
21173,932,915.18
21174,932,914.07
21175,932,917.68
21176,932,914.93
21177,932,920.08
21178,932,918.96
21179,932,914.93
21180,932,915.01
21181,932,913.6
21182,932,910.88
21183,932,902.83
21184,932,913.35
21185,932,923.1
21186,932,914.95
21187,932,910.57
21188,932,906.64
21189,932,912.9
21190,932,903.33
21191,932,909.09
21192,932,915.75
21193,932,915.35
21194,932,909.86
21195,932,922.33
21196,932,911.51
21197,932,912.8
21198,932,917.02
21199,932,878.95
21200,932,914.34
21201,932,912.9
21202,932,908.59
21203,932,907.75
21204,932,919.15
21205,932,908.89
21206,932,911.22
21207,932,922.27
21208,932,902.76
21209,932,915.39
21210,932,917.25
21211,932,912.58
21212,932,916.92
21213,932,905.45
21214,932,904.87
21215,932,923.86
21216,932,909.84
21217,932,916.7
21218,932,916.5
21219,932,910.71
21220,932,926.22
21221,932,906.28
21222,932,921.24
21223,932,913.49
21224,932,915.85
21225,932,922.93
21226,932,909.97
21227,932,911.97
21228,932,916.32
21229,932,915.99
21230,932,901.49
21231,932,915.46
21232,932,906.48
21233,932,903.35
21234,932,899.52
21235,932,907.07
21236,932,894.53
21237,932,918.71
21238,932,900.45
21239,932,915.2
21240,932,911.38
21241,932,910.05
21242,932,920.52
21243,932,895.16
21244,932,904.65
21245,932,915.09
21246,932,918.53
21247,932,913.32
21248,932,915.25
21249,932,924.04
21250,932,900.74
21251,932,905.25
21252,932,911.54
21253,932,916.12
21254,932,902.35
21255,932,910.56
21256,932,908.55
21257,932,908.69
21258,932,910.7
21259,932,918.38
21260,932,916.4
21261,932,925.63
21262,932,923.27
21263,932,915.86
21264,932,912.81
21265,932,915.16
21266,932,910.13
21267,932,905.08
21268,932,916.33
21269,932,918.5
21270,932,913.85
21271,932,922.43
21272,932,920.46
21273,932,915.08
21274,932,912.82
21275,932,915.4
21276,932,904.42
21277,932,921.09
21278,932,913.88
21279,932,914.37
21280,932,911.77
21281,932,926.18
21282,932,905.55
21283,932,916.27
21284,932,919.58
21285,932,915.2
21286,932,896.39
21287,932,919.7
21288,932,917.85
21289,932,904.53
21290,932,912.11
21291,932,902.42
21292,932,920.82
21293,932,917.58
21294,932,902.15
21295,932,906.53
21296,932,908.89
21297,932,906.73
21298,932,928.92
21299,932,910.72
21300,932,917.47
21301,932,911.92
21302,932,914.84
21303,932,908.98
21304,932,923.57
21305,932,911.63
21306,932,922.24
21307,932,909.55
21308,932,913.53
21309,932,915.58
21310,932,918.75
21311,932,923.48
21312,932,918.47
21313,932,915.92
21314,932,912.2
21315,932,910.56
21316,932,903.34
21317,932,917.25
21318,932,910.74
21319,932,912.18
21320,932,921.13
21321,932,920.69
21322,932,912.3
21323,932,911.97
21324,932,909.16
21325,932,910.42
21326,932,915.01
21327,932,912.81
21328,932,910.31
21329,932,906.6
21330,932,905.4
21331,932,924.11
21332,932,915.39
21333,932,921.63
21334,932,902.39
21335,932,912.68
21336,932,914.8
21337,932,914.85
21338,932,918.96
21339,932,920.6
21340,932,906.33
21341,932,908.48
21342,932,912.34
21343,932,911.03
21344,932,912.83
21345,932,910.71
21346,932,924.05
21347,932,905.62
21348,932,907.4
21349,932,911.82
21350,932,906.87
21351,932,902.99
21352,932,889.4
21353,932,910.9
21354,932,914.99
21355,932,913.84
21356,932,903.54
21357,932,904.04
21358,932,923.6
21359,932,911.57
21360,932,918.11
21361,932,891.62
21362,932,914.55
21363,932,904.77
21364,932,899.9
21365,932,903.9
21366,932,903.45
21367,932,908.55
21368,932,907.0
21369,932,917.03
21370,932,919.91
21371,932,915.12
21372,932,902.44
21373,932,915.74
21374,932,911.4
21375,932,920.77
21376,932,912.54
21377,932,900.54
21378,932,920.73
21379,932,910.94
21380,932,913.86
21381,932,910.66
21382,932,907.84
21383,932,905.49
21384,932,914.34
21385,932,908.32
21386,932,917.5
21387,932,925.4
21388,932,924.3
21389,932,914.26
21390,932,925.21
21391,932,916.61
21392,932,908.31
21393,932,920.51
21394,932,905.91
21395,932,911.99
21396,932,923.55
21397,932,924.75
21398,932,909.22
21399,932,919.52
21400,932,902.31
21401,932,916.31
21402,932,908.23
21403,932,909.29
21404,932,923.61
21405,932,917.52
21406,932,911.69
21407,932,912.93
21408,932,919.29
21409,932,911.92
21410,932,905.9
21411,932,915.24
21412,932,906.11
21413,932,921.71
21414,932,907.51
21415,932,908.02
21416,932,906.76
21417,932,911.57
21418,932,904.46
21419,932,915.67
21420,932,908.17
21421,932,910.28
21422,932,908.24
21423,932,906.28
21424,932,919.15
21425,932,915.43
21426,932,912.42
21427,932,915.33
21428,932,900.31
21429,932,901.17
21430,932,918.9
21431,932,915.76
21432,932,919.26
21433,932,912.47
21434,932,920.89
21435,932,902.69
21436,932,909.42
21437,932,916.03
21438,932,916.61
21439,932,913.63
21440,932,914.21
21441,932,919.94
21442,932,903.88
21443,932,917.91
21444,932,907.15
21445,932,926.96
21446,932,914.72
21447,932,923.3
21448,932,921.83
21449,932,904.34
21450,932,909.9
21451,932,909.73
21452,932,914.42
21453,932,884.0
21454,932,915.9
21455,932,923.58
21456,932,921.41
21457,932,897.99
21458,932,917.87
21459,932,919.26
21460,932,927.96
21461,932,912.05
21462,932,921.27
21463,932,909.99
21464,932,922.25
21465,932,921.92
21466,932,920.58
21467,932,905.49
21468,932,915.89
21469,932,901.07
21470,932,915.21
21471,932,919.8
21472,932,909.91
21473,932,910.0
21474,932,905.14
21475,932,921.9
21476,932,926.51
21477,932,913.71
21478,932,900.86
21479,932,915.59
21480,932,917.83
21481,932,912.18
21482,932,915.48
21483,932,918.82
21484,932,906.67
21485,932,914.9
21486,932,920.42
21487,932,920.34
21488,932,910.52
21489,932,918.26
21490,932,912.34
21491,932,908.11
21492,932,918.34
21493,932,911.36
21494,932,911.15
21495,932,915.24
21496,932,915.71
21497,932,921.22
21498,932,913.19
21499,932,898.52
21500,932,908.46
21501,932,920.85
21502,932,921.23
21503,932,916.87
21504,932,917.78
21505,932,905.26
21506,932,909.39
21507,932,918.55
21508,932,929.0
21509,932,906.33
21510,932,905.87
21511,932,917.52
21512,932,910.54
21513,932,914.4
21514,932,896.73
21515,932,916.36
21516,932,918.72
21517,932,903.93
21518,932,907.36
21519,932,912.26
21520,932,906.14
21521,932,902.19
21522,932,916.74
21523,932,906.3
21524,932,914.07
21525,932,914.08
21526,932,901.83
21527,932,900.7
21528,932,918.1
21529,932,904.14
21530,932,918.04
21531,932,915.29
21532,932,909.27
21533,932,911.99
21534,932,906.02
21535,932,910.92
21536,932,907.24
21537,932,916.04
21538,932,926.82
21539,932,912.69
21540,932,906.82
21541,932,903.06
21542,932,913.22
21543,932,911.81
21544,932,910.07
21545,932,907.08
21546,932,907.09
21547,932,912.06
21548,932,916.35
21549,932,906.6
21550,932,913.74
21551,932,915.47
21552,932,915.31
21553,932,922.45
21554,932,897.41
21555,932,920.59
21556,932,904.07
21557,932,920.44
21558,932,915.83
21559,932,916.39
21560,932,913.79
21561,932,925.28
21562,932,919.53
21563,932,914.13
21564,932,908.33
21565,932,921.79
21566,932,921.33
21567,932,917.55
21568,932,897.52
21569,932,915.04
21570,932,910.8
21571,932,915.42
21572,932,897.9
21573,932,914.84
21574,932,924.25
21575,932,921.93
21576,932,907.65
21577,932,918.3
21578,932,920.56
21579,932,917.04
21580,932,908.86
21581,932,914.3
21582,932,911.68
21583,932,914.09
21584,932,924.55
21585,932,908.84
21586,932,903.25
21587,932,898.42
21588,932,916.16
21589,932,918.4
21590,932,895.44
21591,932,907.96
21592,932,904.73
21593,932,924.11
21594,932,909.86
21595,932,909.89
21596,932,908.15
21597,932,919.12
21598,932,911.73
21599,932,909.65
21600,932,916.1
21601,932,913.71
21602,932,919.65
21603,932,918.98
21604,932,914.25
21605,932,922.86
21606,932,916.83
21607,932,923.91
21608,932,896.0
21609,932,902.15
21610,932,890.86
21611,932,908.61
21612,932,905.72
21613,932,926.19
21614,932,911.63
21615,932,907.74
21616,932,912.91
21617,932,911.97
21618,932,919.53
21619,932,916.39
21620,932,912.84
21621,932,924.04
21622,932,914.14
21623,932,913.59
21624,932,896.73
21625,932,901.22
21626,932,914.73
21627,932,912.71
21628,932,909.63
21629,932,921.24
21630,932,914.31
21631,932,909.88
21632,932,913.09
21633,932,904.92
21634,932,893.03
21635,932,914.59
21636,932,885.56
21637,932,914.58
21638,932,903.22
21639,932,907.16
21640,932,916.64
21641,932,911.15
21642,932,921.86
21643,932,913.68
21644,932,923.07
21645,932,905.42
21646,932,905.3
21647,932,913.85
21648,932,919.74
21649,932,914.04
21650,932,913.97
21651,932,900.98
21652,932,906.23
21653,932,919.09
21654,932,909.83
21655,932,894.9
21656,932,910.52
21657,932,915.25
21658,932,919.54
21659,932,911.31
21660,932,917.39
21661,932,918.15
21662,932,922.68
21663,932,917.52
21664,932,906.84
21665,932,918.33
21666,932,914.54
21667,932,919.81
21668,932,900.08
21669,932,922.97
21670,932,916.55
21671,932,913.68
21672,932,915.8
21673,932,916.88
21674,932,915.16
21675,932,926.93
21676,932,907.46
21677,932,915.13
21678,932,914.68
21679,932,920.36
21680,932,919.09
21681,932,919.27
21682,932,925.83
21683,932,918.07
21684,932,920.2
21685,932,923.58
21686,932,921.12
21687,932,908.04
21688,932,918.82
21689,932,923.26
21690,932,903.06
21691,932,915.97
21692,932,916.81
21693,932,919.13
21694,932,917.69
21695,932,922.84
21696,932,911.56
21697,932,903.04
21698,932,913.5
21699,932,927.92
21700,932,902.15
21701,932,910.05
21702,932,907.84
21703,932,920.88
21704,932,905.06
21705,932,915.41
21706,932,913.24
21707,932,918.53
21708,932,918.17
21709,932,918.94
21710,932,907.41
21711,932,902.74
21712,932,924.97
21713,932,915.91
21714,932,912.07
21715,932,910.32
21716,932,906.82
21717,932,903.71
21718,932,909.55
21719,932,897.0
21720,932,895.7
21721,932,901.18
21722,932,892.84
21723,932,912.71
21724,932,901.86
21725,932,907.29
21726,932,921.33
21727,932,913.55
21728,932,914.27
21729,932,915.72
21730,932,922.81
21731,932,916.54
21732,932,905.31
21733,932,919.08
21734,932,920.85
21735,932,926.05
21736,932,907.52
21737,932,913.59
21738,932,890.6
21739,932,897.47
21740,932,911.33
21741,932,924.65
21742,932,903.88
21743,932,913.56
21744,932,918.34
21745,932,906.49
21746,932,916.27
21747,932,918.49
21748,932,916.59
21749,932,916.59
21750,932,913.4
21751,932,916.11
21752,932,902.64
21753,932,913.11
21754,932,920.62
21755,932,912.14
21756,932,916.48
21757,932,921.87
21758,932,905.05
21759,932,905.29
21760,932,913.9
21761,932,915.28
21762,932,905.5
21763,932,903.72
21764,932,920.43
21765,932,908.37
21766,932,924.94
21767,932,920.72
21768,932,915.26
21769,932,917.71
21770,932,907.68
21771,932,903.94
21772,932,905.43
21773,932,914.54
21774,932,919.01
21775,932,906.97
21776,932,915.46
21777,932,908.97
21778,932,911.28
21779,932,911.73
21780,932,920.62
21781,932,924.71
21782,932,901.98
21783,932,894.5
21784,932,926.54
21785,932,909.23
21786,932,917.16
21787,932,907.69
21788,932,903.19
21789,932,912.47
21790,932,916.06
21791,932,913.61
21792,932,918.67
21793,932,916.2
21794,932,884.62
21795,932,917.46
21796,932,906.29
21797,932,908.5
21798,932,916.42
21799,932,924.45
21800,932,918.75
21801,932,880.83
21802,932,916.63
21803,932,911.42
21804,932,907.2
21805,932,898.0
21806,932,911.66
21807,932,916.28
21808,932,914.01
21809,932,918.19
21810,932,917.73
21811,932,911.07
21812,932,916.57
21813,932,906.54
21814,932,913.0
21815,932,910.7
21816,932,907.73
21817,932,916.34
21818,932,915.74
21819,932,916.92
21820,932,913.92
21821,932,919.32
21822,932,919.17
21823,932,915.0
21824,932,922.1
21825,932,915.14
21826,932,910.55
21827,932,915.05
21828,932,912.31
21829,932,898.25
21830,932,900.41
21831,932,918.21
21832,932,912.16
21833,932,927.81
21834,932,912.39
21835,932,893.48
21836,932,925.72
21837,932,912.87
21838,932,923.18
21839,932,910.74
21840,932,918.75
21841,932,915.43
21842,932,917.79
21843,932,913.2
21844,932,907.89
21845,932,900.07
21846,932,911.96
21847,932,906.36
21848,932,921.14
21849,932,920.59
21850,932,914.64
21851,932,920.22
21852,932,912.16
21853,932,904.11
21854,932,899.64
21855,932,920.5
21856,932,900.13
21857,932,914.82
21858,932,913.99
21859,932,914.89
21860,932,915.67
21861,932,907.96
21862,932,908.99
21863,932,902.99
21864,932,917.14
21865,932,904.67
21866,932,908.07
21867,932,911.27
21868,932,920.29
21869,932,897.87
21870,932,924.8
21871,932,910.26
21872,932,910.06
21873,932,904.28
21874,932,904.13
21875,932,920.92
21876,932,926.57
21877,932,919.09
21878,932,920.4
21879,932,909.8
21880,932,910.19
21881,932,919.01
21882,932,925.59
21883,932,924.93
21884,932,917.1
21885,932,924.21
21886,932,905.15
21887,932,917.31
21888,932,919.06
21889,932,912.67
21890,932,916.02
21891,932,910.64
21892,932,896.19
21893,932,911.12
21894,932,918.99
21895,932,912.62
21896,932,910.46
21897,932,925.01
21898,932,915.6
21899,932,907.82
21900,932,906.11
21901,932,918.37
21902,932,907.0
21903,932,898.33
21904,932,904.21
21905,932,920.61
21906,932,923.66
21907,932,911.55
21908,932,907.31
21909,932,908.06
21910,932,920.02
21911,932,921.89
21912,932,921.35
21913,932,918.63
21914,932,928.42
21915,932,918.07
21916,932,912.05
21917,932,916.44
21918,932,913.95
21919,932,914.53
21920,932,917.36
21921,932,909.54
21922,932,909.8
21923,932,910.18
21924,932,894.7
21925,932,914.4
21926,932,904.52
21927,932,913.78
21928,932,903.69
21929,932,914.87
21930,932,921.96
21931,932,923.2
21932,932,911.66
21933,932,914.45
21934,932,918.72
21935,932,913.72
21936,932,924.07
21937,932,918.44
21938,932,908.61
21939,932,912.18
21940,932,914.97
21941,932,918.39
21942,932,919.67
21943,932,917.78
21944,932,917.41
21945,932,917.34
21946,932,917.47
21947,932,919.17
21948,932,911.99
21949,932,916.28
21950,932,918.06
21951,932,914.24
21952,932,912.81
21953,932,910.9
21954,932,906.24
21955,932,915.36
21956,932,927.34
21957,932,908.16
21958,932,919.3
21959,932,913.92
21960,932,923.84
21961,932,908.47
21962,932,910.79
21963,932,918.93
21964,932,915.72
21965,932,910.92
21966,932,923.99
21967,932,918.08
21968,932,897.67
21969,932,900.23
21970,932,924.48
21971,932,908.5
21972,932,919.26
21973,932,905.09
21974,932,918.89
21975,932,913.55
21976,932,912.38
21977,932,916.73
21978,932,897.12
21979,932,911.3
21980,932,919.18
21981,932,921.16
21982,932,918.67
21983,932,907.51
21984,932,908.01
21985,932,908.98
21986,932,921.54
21987,932,923.64
21988,932,912.45
21989,932,901.9
21990,932,918.72
21991,932,916.18
21992,932,914.96
21993,932,913.34
21994,932,909.0
21995,932,899.94
21996,932,919.73
21997,932,912.04
21998,932,913.32
21999,932,915.18
22000,932,903.07
22001,932,910.96
22002,932,922.25
22003,932,915.74
22004,932,922.88
22005,932,917.14
22006,932,906.84
22007,932,908.92
22008,932,911.31
22009,932,919.55
22010,932,919.22
22011,932,912.23
22012,932,909.82
22013,932,917.99
22014,932,921.88
22015,932,914.83
22016,932,909.38
22017,932,920.91
22018,932,914.58
22019,932,907.05
22020,932,898.54
22021,932,914.47
22022,932,906.22
22023,932,919.79
22024,932,918.89
22025,932,903.76
22026,932,915.49
22027,932,910.71
22028,932,916.72
22029,932,905.45
22030,932,918.42
22031,932,914.67
22032,932,911.98
22033,932,907.43
22034,932,918.76
22035,932,901.71
22036,932,902.59
22037,932,906.21
22038,932,900.19
22039,932,918.16
22040,932,913.97
22041,932,892.1
22042,932,904.82
22043,932,912.22
22044,932,920.19
22045,932,913.94
22046,932,909.45
22047,932,914.78
22048,932,924.58
22049,932,914.95
22050,932,913.79
22051,932,906.01
22052,932,920.16
22053,932,917.68
22054,932,917.25
22055,932,903.21
22056,932,917.11
22057,932,908.35
22058,932,907.83
22059,932,915.35
22060,932,920.82
22061,932,911.36
22062,932,914.77
22063,932,919.0
22064,932,915.85
22065,932,915.36
22066,932,903.15
22067,932,918.41
22068,932,912.3
22069,932,913.72
22070,932,901.46
22071,932,911.89
22072,932,922.57
22073,932,905.57
22074,932,922.44
22075,932,907.65
22076,932,919.65
22077,932,909.63
22078,932,908.12
22079,932,911.05
22080,932,913.89
22081,932,922.71
22082,932,910.12
22083,932,889.34
22084,932,916.59
22085,932,915.47
22086,932,913.22
22087,932,905.96
22088,932,903.48
22089,932,921.84
22090,932,921.51
22091,932,917.27
22092,932,911.6
22093,932,894.75
22094,932,916.22
22095,932,913.87
22096,932,917.1
22097,932,927.11
22098,932,909.19
22099,932,904.87
22100,932,917.58
22101,932,923.89
22102,932,925.66
22103,932,918.71
22104,932,911.57
22105,932,915.78
22106,932,907.99
22107,932,920.92
22108,932,905.07
22109,932,915.61
22110,932,918.94
22111,932,905.15
22112,932,914.78
22113,932,909.28
22114,932,914.67
22115,932,911.56
22116,932,910.77
22117,932,913.53
22118,932,921.49
22119,932,921.94
22120,932,922.54
22121,932,906.84
22122,932,912.33
22123,932,915.87
22124,932,910.62
22125,932,912.93
22126,932,922.5
22127,932,892.72
22128,932,909.01
22129,932,917.19
22130,932,917.6
22131,932,919.1
22132,932,917.21
22133,932,914.86
22134,932,908.64
22135,932,906.78
22136,932,916.01
22137,932,920.45
22138,932,913.91
22139,932,910.43
22140,932,907.15
22141,932,915.97
22142,932,913.48
22143,932,914.31
22144,932,914.35
22145,932,910.64
22146,932,919.69
22147,932,914.79
22148,932,920.7
22149,932,899.83
22150,932,910.85
22151,932,902.17
22152,932,903.78
22153,932,907.33
22154,932,905.12
22155,932,906.33
22156,932,905.0
22157,932,913.9
22158,932,912.48
22159,932,916.84
22160,932,906.04
22161,932,910.72
22162,932,902.32
22163,932,907.74
22164,932,900.21
22165,932,912.59
22166,932,903.64
22167,932,914.92
22168,932,911.45
22169,932,906.48
22170,932,913.73
22171,932,910.1
22172,932,917.1
22173,932,916.91
22174,932,910.09
22175,932,922.79
22176,932,902.58
22177,932,896.34
22178,932,903.02
22179,932,906.59
22180,932,924.34
22181,932,896.71
22182,932,903.87
22183,932,923.25
22184,932,904.46
22185,932,922.68
22186,932,915.33
22187,932,907.13
22188,932,892.91
22189,932,921.63
22190,932,894.76
22191,932,919.9
22192,932,916.59
22193,932,919.69
22194,932,901.92
22195,932,917.57
22196,932,914.15
22197,932,919.07
22198,932,906.17
22199,932,924.1
22200,932,906.61
22201,932,904.08
22202,932,920.02
22203,932,911.54
22204,932,906.06
22205,932,901.3
22206,932,900.77
22207,932,918.39
22208,932,905.18
22209,932,912.55
22210,932,903.31
22211,932,927.45
22212,932,921.3
22213,932,904.21
22214,932,914.23
22215,932,908.47
22216,932,920.37
22217,932,920.46
22218,932,914.72
22219,932,920.4
22220,932,912.02
22221,932,919.5
22222,932,907.29
22223,932,907.24
22224,932,909.8
22225,932,914.29
22226,932,901.07
22227,932,921.67
22228,932,913.15
22229,932,911.23
22230,932,915.16
22231,932,898.78
22232,932,908.52
22233,932,907.14
22234,932,907.79
22235,932,914.49
22236,932,897.22
22237,932,909.68
22238,932,913.46
22239,932,911.35
22240,932,916.68
22241,932,914.29
22242,932,910.67
22243,932,913.49
22244,932,906.14
22245,932,917.75
22246,932,919.92
22247,932,923.2
22248,932,916.13
22249,932,915.78
22250,932,917.3
22251,932,918.66
22252,932,907.91
22253,932,917.7
22254,932,918.11
22255,932,918.95
22256,932,921.2
22257,932,908.64
22258,932,906.2
22259,932,921.92
22260,932,909.98
22261,932,915.42
22262,932,924.9
22263,932,910.74
22264,932,913.69
22265,932,907.73
22266,932,916.44
22267,932,911.79
22268,932,914.59
22269,932,919.83
22270,932,923.48
22271,932,914.29
22272,932,920.47
22273,932,915.21
22274,932,921.91
22275,932,915.98
22276,932,898.1
22277,932,912.96
22278,932,915.1
22279,932,910.98
22280,932,917.99
22281,932,922.05
22282,932,921.56
22283,932,919.71
22284,932,908.17
22285,932,919.33
22286,932,910.82
22287,932,905.38
22288,932,915.83
22289,932,910.86
22290,932,914.85
22291,932,905.41
22292,932,917.05
22293,932,911.24
22294,932,907.06
22295,932,904.97
22296,932,916.67
22297,932,901.2
22298,932,910.87
22299,932,916.15
22300,932,909.55
22301,932,920.0
22302,932,908.74
22303,932,906.48
22304,932,908.44
22305,932,898.21
22306,932,914.52
22307,932,903.43
22308,932,916.49
22309,932,916.84
22310,932,918.67
22311,932,906.46
22312,932,912.02
22313,932,904.47
22314,932,909.36
22315,932,910.29
22316,932,915.52
22317,932,917.23
22318,932,908.19
22319,932,915.69
22320,932,918.27
22321,932,901.55
22322,932,891.49
22323,932,904.38
22324,932,915.19
22325,932,921.74
22326,932,908.35
22327,932,925.93
22328,932,908.37
22329,932,912.87
22330,932,927.3
22331,932,902.31
22332,932,908.33
22333,932,915.3
22334,932,917.74
22335,932,908.44
22336,932,907.19
22337,932,918.27
22338,932,918.48
22339,932,919.94
22340,932,923.69
22341,932,907.56
22342,932,908.24
22343,932,913.3
22344,932,910.28
22345,932,913.66
22346,932,915.31
22347,932,906.98
22348,932,915.12
22349,932,914.45
22350,932,904.55
22351,932,915.7
22352,932,909.3
22353,932,916.47
22354,932,912.11
22355,932,918.14
22356,932,910.62
22357,932,918.01
22358,932,902.6
22359,932,918.43
22360,932,915.53
22361,932,907.29
22362,932,909.31
22363,932,909.16
22364,932,911.1
22365,932,902.25
22366,932,913.62
22367,932,913.47
22368,932,905.46
22369,932,918.19
22370,932,897.29
22371,932,910.46
22372,932,917.94
22373,932,923.41
22374,932,907.91
22375,932,907.09
22376,932,908.95
22377,932,916.84
22378,932,897.69
22379,932,905.18
22380,932,912.38
22381,932,921.17
22382,932,913.27
22383,932,912.46
22384,932,918.85
22385,932,919.46
22386,932,893.52
22387,932,917.72
22388,932,909.09
22389,932,905.89
22390,932,916.62
22391,932,914.16
22392,932,917.95
22393,932,910.58
22394,932,925.1
22395,932,912.99
22396,932,919.14
22397,932,907.49
22398,932,912.12
22399,932,919.17
22400,932,911.96
22401,932,923.9
22402,932,920.24
22403,932,908.25
22404,932,921.77
22405,932,905.75
22406,932,902.22
22407,932,914.6
22408,932,916.68
22409,932,907.26
22410,932,919.18
22411,932,925.44
22412,932,899.72
22413,932,913.17
22414,932,913.55
22415,932,916.2
22416,932,918.38
22417,932,907.48
22418,932,915.88
22419,932,915.67
22420,932,911.79
22421,932,898.48
22422,932,924.27
22423,932,923.56
22424,932,921.27
22425,932,913.55
22426,932,911.14
22427,932,913.09
22428,932,915.74
22429,932,907.93
22430,932,909.8
22431,932,904.38
22432,932,921.81
22433,932,919.26
22434,932,912.39
22435,932,910.18
22436,932,908.9
22437,932,917.38
22438,932,908.05
22439,932,916.38
22440,932,914.58
22441,932,908.7
22442,932,908.7
22443,932,915.54
22444,932,917.56
22445,932,906.83
22446,932,888.08
22447,932,917.47
22448,932,916.64
22449,932,911.36
22450,932,910.14
22451,932,909.76
22452,932,915.06
22453,932,926.15
22454,932,919.23
22455,932,913.67
22456,932,909.43
22457,932,898.87
22458,932,929.66
22459,932,904.9
22460,932,913.58
22461,932,915.26
22462,932,923.32
22463,932,889.84
22464,932,918.9
22465,932,918.01
22466,932,901.58
22467,932,921.61
22468,932,916.5
22469,932,898.26
22470,932,922.14
22471,932,907.24
22472,932,916.42
22473,932,912.2
22474,932,914.07
22475,932,910.32
22476,932,911.35
22477,932,919.37
22478,932,910.23
22479,932,921.41
22480,932,913.76
22481,932,909.78
22482,932,913.3
22483,932,909.33
22484,932,911.2
22485,932,897.33
22486,932,914.15
22487,932,919.35
22488,932,923.58
22489,932,905.8
22490,932,922.35
22491,932,923.17
22492,932,910.36
22493,932,908.4
22494,932,910.56
22495,932,924.18
22496,932,913.3
22497,932,913.41
22498,932,917.67
22499,932,914.42
22500,932,906.83
22501,932,911.26
22502,932,907.4
22503,932,904.16
22504,932,909.7
22505,932,907.93
22506,932,900.12
22507,932,913.26
22508,932,915.12
22509,932,909.74
22510,932,904.18
22511,932,899.27
22512,932,905.42
22513,932,905.01
22514,932,900.45
22515,932,911.54
22516,932,882.89
22517,932,913.14
22518,932,911.77
22519,932,911.47
22520,932,904.63
22521,932,914.16
22522,932,905.22
22523,932,911.2
22524,932,914.31
22525,932,918.55
22526,932,916.2
22527,932,911.24
22528,932,906.93
22529,932,908.92
22530,932,907.61
22531,932,903.24
22532,932,922.02
22533,932,902.07
22534,932,912.89
22535,932,907.49
22536,932,907.2
22537,932,904.25
22538,932,926.19
22539,932,907.56
22540,932,916.69
22541,932,926.3
22542,932,908.9
22543,932,913.48
22544,932,913.21
22545,932,911.89
22546,932,910.22
22547,932,903.9
22548,932,908.27
22549,932,920.54
22550,932,916.58
22551,932,922.43
22552,932,922.11
22553,932,904.16
22554,932,927.84
22555,932,915.73
22556,932,924.58
22557,932,916.05
22558,932,922.24
22559,932,923.08
22560,932,914.61
22561,932,908.28
22562,932,906.5
22563,932,925.97
22564,932,921.35
22565,932,914.83
22566,932,917.68
22567,932,910.82
22568,932,923.88
22569,932,911.31
22570,932,911.86
22571,932,907.87
22572,932,917.93
22573,932,923.39
22574,932,913.08
22575,932,905.3
22576,932,902.17
22577,932,921.75
22578,932,904.39
22579,932,923.08
22580,932,898.08
22581,932,914.75
22582,932,920.12
22583,932,920.7
22584,932,910.22
22585,932,918.76
22586,932,904.48
22587,932,898.75
22588,932,924.3
22589,932,906.83
22590,932,912.97
22591,932,919.42
22592,932,915.37
22593,932,900.27
22594,932,907.98
22595,932,910.91
22596,932,923.48
22597,932,920.2
22598,932,897.26
22599,932,906.29
22600,932,912.17
22601,932,919.97
22602,932,907.55
22603,932,905.5
22604,932,918.39
22605,932,923.68
22606,932,904.57
22607,932,922.67
22608,932,919.84
22609,932,921.89
22610,932,911.58
22611,932,905.07
22612,932,911.65
22613,932,917.01
22614,932,907.67
22615,932,912.07
22616,932,916.81
22617,932,920.2
22618,932,927.07
22619,932,916.8
22620,932,915.15
22621,932,913.79
22622,932,922.94
22623,932,913.43
22624,932,917.22
22625,932,916.17
22626,932,919.61
22627,932,922.81
22628,932,906.12
22629,932,918.54
22630,932,914.6
22631,932,915.76
22632,932,915.91
22633,932,911.35
22634,932,911.38
22635,932,918.89
22636,932,899.48
22637,932,913.95
22638,932,924.53
22639,932,903.45
22640,932,897.88
22641,932,916.06
22642,932,907.76
22643,932,916.78
22644,932,914.38
22645,932,913.48
22646,932,915.21
22647,932,923.02
22648,932,909.8
22649,932,919.96
22650,932,899.99
22651,932,915.38
22652,932,920.88
22653,932,912.65
22654,932,920.06
22655,932,907.98
22656,932,913.59
22657,932,909.25
22658,932,914.16
22659,932,917.21
22660,932,917.31
22661,932,906.83
22662,932,911.08
22663,932,900.77
22664,932,907.64
22665,932,907.23
22666,932,901.98
22667,932,920.39
22668,932,923.91
22669,932,912.94
22670,932,917.83
22671,932,921.07
22672,932,911.57
22673,932,899.67
22674,932,907.14
22675,932,918.68
22676,932,903.37
22677,932,914.43
22678,932,908.61
22679,932,916.05
22680,932,898.25
22681,932,909.1
22682,932,915.91
22683,932,910.65
22684,932,906.75
22685,932,918.62
22686,932,913.27
22687,932,905.32
22688,932,922.84
22689,932,914.51
22690,932,919.51
22691,932,916.78
22692,932,913.35
22693,932,921.31
22694,932,909.98
22695,932,916.42
22696,932,907.09
22697,932,919.41
22698,932,920.64
22699,932,914.11
22700,932,911.76
22701,932,922.44
22702,932,923.19
22703,932,919.72
22704,932,920.89
22705,932,910.48
22706,932,925.27
22707,932,910.46
22708,932,916.89
22709,932,908.22
22710,932,914.79
22711,932,920.39
22712,932,916.44
22713,932,917.22
22714,932,912.01
22715,932,927.41
22716,932,902.95
22717,932,911.11
22718,932,915.57
22719,932,904.76
22720,932,911.43
22721,932,902.21
22722,932,917.6
22723,932,908.37
22724,932,909.86
22725,932,900.31
22726,932,915.38
22727,932,910.22
22728,932,910.7
22729,932,904.16
22730,932,909.62
22731,932,916.89
22732,932,914.59
22733,932,915.18
22734,932,918.48
22735,932,913.59
22736,932,909.36
22737,932,907.81
22738,932,897.34
22739,932,914.92
22740,932,920.63
22741,932,913.52
22742,932,925.63
22743,932,921.46
22744,932,910.36
22745,932,900.63
22746,932,921.31
22747,932,908.77
22748,932,918.09
22749,932,910.75
22750,932,895.18
22751,932,915.56
22752,932,911.52
22753,932,911.98
22754,932,897.92
22755,932,904.06
22756,932,907.12
22757,932,913.53
22758,932,920.94
22759,932,926.71
22760,932,923.16
22761,932,911.98
22762,932,906.79
22763,932,898.83
22764,932,907.02
22765,932,914.16
22766,932,909.45
22767,932,908.29
22768,932,895.85
22769,932,906.33
22770,932,918.96
22771,932,893.52
22772,932,914.05
22773,932,904.13
22774,932,918.51
22775,932,918.11
22776,932,927.4
22777,932,915.58
22778,932,921.15
22779,932,916.98
22780,932,907.25
22781,932,926.86
22782,932,920.86
22783,932,907.47
22784,932,905.64
22785,932,910.84
22786,932,920.8
22787,932,908.86
22788,932,918.14
22789,932,920.38
22790,932,919.19
22791,932,910.87
22792,932,886.38
22793,932,915.7
22794,932,914.19
22795,932,912.55
22796,932,916.79
22797,932,919.67
22798,932,905.36
22799,932,916.3
22800,932,906.76
22801,932,914.8
22802,932,902.02
22803,932,919.95
22804,932,922.81
22805,932,916.3
22806,932,915.43
22807,932,904.64
22808,932,905.59
22809,932,906.49
22810,932,912.37
22811,932,921.41
22812,932,925.06
22813,932,899.97
22814,932,905.46
22815,932,922.49
22816,932,900.39
22817,932,895.07
22818,932,908.19
22819,932,912.37
22820,932,917.17
22821,932,920.34
22822,932,912.38
22823,932,914.42
22824,932,916.93
22825,932,919.25
22826,932,919.95
22827,932,921.87
22828,932,902.99
22829,932,909.98
22830,932,916.26
22831,932,910.89
22832,932,917.41
22833,932,924.8
22834,932,907.5
22835,932,914.21
22836,932,900.16
22837,932,918.85
22838,932,914.24
22839,932,918.7
22840,932,907.74
22841,932,910.37
22842,932,911.6
22843,932,917.66
22844,932,906.01
22845,932,907.26
22846,932,914.45
22847,932,898.76
22848,932,916.46
22849,932,915.82
22850,932,894.33
22851,932,906.84
22852,932,903.75
22853,932,910.04
22854,932,913.0
22855,932,917.88
22856,932,921.95
22857,932,915.96
22858,932,912.25
22859,932,919.73
22860,932,910.08
22861,932,918.03
22862,932,909.15
22863,932,910.09
22864,932,920.86
22865,932,920.02
22866,932,915.26
22867,932,910.73
22868,932,919.05
22869,932,916.91
22870,932,907.18
22871,932,909.69
22872,932,918.42
22873,932,914.62
22874,932,922.05
22875,932,904.09
22876,932,911.18
22877,932,921.91
22878,932,906.42
22879,932,909.38
22880,932,925.8
22881,932,918.97
22882,932,903.3
22883,932,912.74
22884,932,923.46
22885,932,919.82
22886,932,913.9
22887,932,896.58
22888,932,917.71
22889,932,903.1
22890,932,913.63
22891,932,911.38
22892,932,913.8
22893,932,919.69
22894,932,892.49
22895,932,912.37
22896,932,905.52
22897,932,921.45
22898,932,919.67
22899,932,913.26
22900,932,900.96
22901,932,902.58
22902,932,917.52
22903,932,913.59
22904,932,914.85
22905,932,905.97
22906,932,920.0
22907,932,917.71
22908,932,886.39
22909,932,904.93
22910,932,918.26
22911,932,915.38
22912,932,912.7
22913,932,920.72
22914,932,911.56
22915,932,914.46
22916,932,922.58
22917,932,913.45
22918,932,907.75
22919,932,919.4
22920,932,914.93
22921,932,926.22
22922,932,909.04
22923,932,920.42
22924,932,918.96
22925,932,901.2
22926,932,904.69
22927,932,913.83
22928,932,915.28
22929,932,914.03
22930,932,905.73
22931,932,921.72
22932,932,922.76
22933,932,919.13
22934,932,923.37
22935,932,903.3
22936,932,910.27
22937,932,916.87
22938,932,909.73
22939,932,894.5
22940,932,907.43
22941,932,911.89
22942,932,917.83
22943,932,925.77
22944,932,912.49
22945,932,911.73
22946,932,915.76
22947,932,926.54
22948,932,916.06
22949,932,903.35
22950,932,912.38
22951,932,912.54
22952,932,913.01
22953,932,916.98
22954,932,915.68
22955,932,905.45
22956,932,916.61
22957,932,915.04
22958,932,921.89
22959,932,904.88
22960,932,904.47
22961,932,910.39
22962,932,921.61
22963,932,915.54
22964,932,911.11
22965,932,910.02
22966,932,923.06
22967,932,907.12
22968,932,908.73
22969,932,898.44
22970,932,912.79
22971,932,912.52
22972,932,909.24
22973,932,910.1
22974,932,902.87
22975,932,912.87
22976,932,918.99
22977,932,920.75
22978,932,912.24
22979,932,894.81
22980,932,924.98
22981,932,912.48
22982,932,910.44
22983,932,911.79
22984,932,924.07
22985,932,925.96
22986,932,910.22
22987,932,910.32
22988,932,898.29
22989,932,924.15
22990,932,917.96
22991,932,910.73
22992,932,918.33
22993,932,913.63
22994,932,915.35
22995,932,918.18
22996,932,913.66
22997,932,903.16
22998,932,906.37
22999,932,901.99
23000,932,917.58
23001,932,913.23
23002,932,919.34
23003,932,912.61
23004,932,902.23
23005,932,911.96
23006,932,915.07
23007,932,916.41
23008,932,917.44
23009,932,896.6
23010,932,914.97
23011,932,915.32
23012,932,911.09
23013,932,911.57
23014,932,910.55
23015,932,917.85
23016,932,913.01
23017,932,910.96
23018,932,918.2
23019,932,925.71
23020,932,913.72
23021,932,921.32
23022,932,916.05
23023,932,911.68
23024,932,908.29
23025,932,914.64
23026,932,902.35
23027,932,921.24
23028,932,902.27
23029,932,909.78
23030,932,911.59
23031,932,918.15
23032,932,916.53
23033,932,918.52
23034,932,894.16
23035,932,912.42
23036,932,910.79
23037,932,917.53
23038,932,906.99
23039,932,918.45
23040,932,911.04
23041,932,913.8
23042,932,896.28
23043,932,907.74
23044,932,921.71
23045,932,918.58
23046,932,913.13
23047,932,914.91
23048,932,898.37
23049,932,911.96
23050,932,925.03
23051,932,912.8
23052,932,906.06
23053,932,922.29
23054,932,920.54
23055,932,907.28
23056,932,923.92
23057,932,917.1
23058,932,910.74
23059,932,917.99
23060,932,914.05
23061,932,909.42
23062,932,916.15
23063,932,902.48
23064,932,923.33
23065,932,916.37
23066,932,917.26
23067,932,912.72
23068,932,920.46
23069,932,904.13
23070,932,903.75
23071,932,914.29
23072,932,892.93
23073,932,915.07
23074,932,916.58
23075,932,911.61
23076,932,912.04
23077,932,915.02
23078,932,918.68
23079,932,923.11
23080,932,910.22
23081,932,899.19
23082,932,905.8
23083,932,926.33
23084,932,922.71
23085,932,904.62
23086,932,911.94
23087,932,911.44
23088,932,919.34
23089,932,913.28
23090,932,907.65
23091,932,912.62
23092,932,904.66
23093,932,899.57
23094,932,909.23
23095,932,916.4
23096,932,917.42
23097,932,922.08
23098,932,924.33
23099,932,915.41
23100,932,916.57
23101,932,911.35
23102,932,920.72
23103,932,887.7
23104,932,911.74
23105,932,912.45
23106,932,906.48
23107,932,912.11
23108,932,914.39
23109,932,918.26
23110,932,926.34
23111,932,914.84
23112,932,898.97
23113,932,919.04
23114,932,915.26
23115,932,915.04
23116,932,917.15
23117,932,917.42
23118,932,912.43
23119,932,912.38
23120,932,920.6
23121,932,909.48
23122,932,909.11
23123,932,918.79
23124,932,913.93
23125,932,886.5
23126,932,916.41
23127,932,913.21
23128,932,919.66
23129,932,922.69
23130,932,922.09
23131,932,905.7
23132,932,915.06
23133,932,914.15
23134,932,921.27
23135,932,906.48
23136,932,902.92
23137,932,908.21
23138,932,903.44
23139,932,925.28
23140,932,916.24
23141,932,919.48
23142,932,913.13
23143,932,905.59
23144,932,905.9
23145,932,924.67
23146,932,913.48
23147,932,913.47
23148,932,905.6
23149,932,912.42
23150,932,898.05
23151,932,923.05
23152,932,905.96
23153,932,913.75
23154,932,919.85
23155,932,909.87
23156,932,918.01
23157,932,916.53
23158,932,910.22
23159,932,920.82
23160,932,916.97
23161,932,906.99
23162,932,911.01
23163,932,894.09
23164,932,919.83
23165,932,914.42
23166,932,898.71
23167,932,914.84
23168,932,921.18
23169,932,908.58
23170,932,905.6
23171,932,900.4
23172,932,922.65
23173,932,923.06
23174,932,924.86
23175,932,912.78
23176,932,918.54
23177,932,920.19
23178,932,903.49
23179,932,913.73
23180,932,908.65
23181,932,915.08
23182,932,918.74
23183,932,907.64
23184,932,919.83
23185,932,912.18
23186,932,912.35
23187,932,923.47
23188,932,908.3
23189,932,921.62
23190,932,917.13
23191,932,911.5
23192,932,897.93
23193,932,913.9
23194,932,909.46
23195,932,913.43
23196,932,908.98
23197,932,917.72
23198,932,907.06
23199,932,910.96
23200,932,904.55
23201,932,912.19
23202,932,918.16
23203,932,914.61
23204,932,909.5
23205,932,912.7
23206,932,906.02
23207,932,924.19
23208,932,911.37
23209,932,916.42
23210,932,925.91
23211,932,926.56
23212,932,922.43
23213,932,918.0
23214,932,901.96
23215,932,917.72
23216,932,898.84
23217,932,903.82
23218,932,904.1
23219,932,921.86
23220,932,919.28
23221,932,915.31
23222,932,904.19
23223,932,913.97
23224,932,905.6
23225,932,911.94
23226,932,908.99
23227,932,910.7
23228,932,905.77
23229,932,922.27
23230,932,902.93
23231,932,909.42
23232,932,919.87
23233,932,923.6
23234,932,915.43
23235,932,908.53
23236,932,917.99
23237,932,920.57
23238,932,904.69
23239,932,924.26
23240,932,907.71
23241,932,917.33
23242,932,899.44
23243,932,915.66
23244,932,916.58
23245,932,919.35
23246,932,915.78
23247,932,918.93
23248,932,913.23
23249,932,910.29
23250,932,908.03
23251,932,920.21
23252,932,910.5
23253,932,910.04
23254,932,912.42
23255,932,910.16
23256,932,905.05
23257,932,916.14
23258,932,913.91
23259,932,910.74
23260,932,911.03
23261,932,918.13
23262,932,921.63
23263,932,912.4
23264,932,899.29
23265,932,902.7
23266,932,916.71
23267,932,908.69
23268,932,921.01
23269,932,918.6
23270,932,915.53
23271,932,914.54
23272,932,919.02
23273,932,913.47
23274,932,911.19
23275,932,914.3
23276,932,908.7
23277,932,903.49
23278,932,920.41
23279,932,912.4
23280,932,918.17
23281,932,903.79
23282,932,919.66
23283,932,916.95
23284,932,905.34
23285,932,916.84
23286,932,903.19
23287,932,910.5
23288,932,907.71
23289,932,915.15
23290,932,925.7
23291,932,914.31
23292,932,907.17
23293,932,903.66
23294,932,921.16
23295,932,913.1
23296,932,907.78
23297,932,921.47
23298,932,902.13
23299,932,902.0
23300,932,914.54
23301,932,915.32
23302,932,906.74
23303,932,911.48
23304,932,910.01
23305,932,918.54
23306,932,908.64
23307,932,915.13
23308,932,915.6
23309,932,909.99
23310,932,916.93
23311,932,904.28
23312,932,905.17
23313,932,918.07
23314,932,916.28
23315,932,904.32
23316,932,920.69
23317,932,897.8
23318,932,912.99
23319,932,904.76
23320,932,916.03
23321,932,918.7
23322,932,918.18
23323,932,899.22
23324,932,910.59
23325,932,916.66
23326,932,909.48
23327,932,913.05
23328,932,903.93
23329,932,911.78
23330,932,917.39
23331,932,922.49
23332,932,927.18
23333,932,907.09
23334,932,903.91
23335,932,911.79
23336,932,916.68
23337,932,903.63
23338,932,920.55
23339,932,909.67
23340,932,915.58
23341,932,915.82
23342,932,914.73
23343,932,923.43
23344,932,914.33
23345,932,894.79
23346,932,921.22
23347,932,918.03
23348,932,913.18
23349,932,919.71
23350,932,913.67
23351,932,908.04
23352,932,916.99
23353,932,910.39
23354,932,907.73
23355,932,913.48
23356,932,903.81
23357,932,920.11
23358,932,921.94
23359,932,899.45
23360,932,909.11
23361,932,914.1
23362,932,914.54
23363,932,917.27
23364,932,914.73
23365,932,899.68
23366,932,915.82
23367,932,903.21
23368,932,908.58
23369,932,898.9
23370,932,904.63
23371,932,917.87
23372,932,905.97
23373,932,917.71
23374,932,914.24
23375,932,917.42
23376,932,916.53
23377,932,905.76
23378,932,907.9
23379,932,902.06
23380,932,923.68
23381,932,897.84
23382,932,923.51
23383,932,914.09
23384,932,911.44
23385,932,912.12
23386,932,911.85
23387,932,904.11
23388,932,914.07
23389,932,918.69
23390,932,921.96
23391,932,925.8
23392,932,901.47
23393,932,915.36
23394,932,911.09
23395,932,908.78
23396,932,903.8
23397,932,905.17
23398,932,921.32
23399,932,903.28
23400,932,916.64
23401,932,903.89
23402,932,909.32
23403,932,921.72
23404,932,920.71
23405,932,919.1
23406,932,892.49
23407,932,909.67
23408,932,911.03
23409,932,923.83
