generation,best_score,avg_score
1,897,707.64
2,897,724.5
3,897,753.07
4,897,791.54
5,907,815.33
6,907,825.9
7,907,853.15
8,932,856.42
9,932,850.28
10,932,870.25
11,932,878.75
12,932,907.43
13,932,913.1
14,932,909.67
15,932,906.57
16,932,921.48
17,932,909.7
18,932,914.97
19,932,922.38
20,932,922.04
21,932,919.94
22,932,915.83
23,932,904.85
24,932,907.84
25,932,920.23
26,932,913.63
27,932,916.7
28,932,911.49
29,932,909.13
30,932,919.93
31,932,918.07
32,932,917.52
33,932,907.38
34,932,912.31
35,932,919.82
36,932,909.21
37,932,914.67
38,932,910.58
39,932,919.72
40,932,919.36
41,932,920.02
42,932,919.3
43,932,910.94
44,932,920.02
45,932,912.91
46,932,914.6
47,932,911.91
48,932,912.44
49,932,915.34
50,932,915.38
51,932,918.27
52,932,913.38
53,932,916.98
54,932,914.29
55,932,912.58
56,932,916.93
57,932,910.17
58,932,926.63
59,932,910.85
60,932,908.71
61,932,910.77
62,932,913.56
63,932,913.46
64,932,914.25
65,932,909.06
66,932,913.74
67,932,911.2
68,932,912.5
69,932,908.1
70,932,911.69
71,932,918.53
72,932,917.43
73,932,920.64
74,932,912.58
75,932,921.92
76,932,914.06
77,932,916.6
78,932,920.35
79,932,914.23
80,932,918.74
81,932,917.98
82,932,917.81
83,932,912.47
84,932,909.94
85,932,915.23
86,932,907.3
87,932,917.74
88,932,912.75
89,932,907.77
90,932,901.55
91,932,901.74
92,932,922.73
93,932,907.94
94,932,907.56
95,932,917.02
96,932,913.23
97,932,922.94
98,932,910.41
99,932,922.07
100,932,897.53
101,932,905.01
102,932,904.17
103,932,902.47
104,932,916.64
105,932,909.98
106,932,911.62
107,932,905.95
108,932,908.05
109,932,900.67
110,932,910.54
111,932,895.87
112,932,917.09
113,932,914.28
114,932,914.51
115,932,911.86
116,932,912.84
117,932,910.95
118,932,907.25
119,932,904.47
120,932,915.47
121,932,921.24
122,932,913.78
123,932,920.25
124,932,904.08
125,932,908.2
126,932,921.67
127,932,925.06
128,932,914.13
129,932,897.3
130,932,906.59
131,932,913.06
132,932,913.4
133,932,919.01
134,932,902.16
135,932,920.93
136,932,911.04
137,932,894.54
138,932,915.36
139,932,920.22
140,932,897.15
141,932,923.24
142,932,911.76
143,932,913.07
144,932,912.92
145,932,914.86
146,932,911.98
147,932,916.67
148,932,913.77
149,932,925.51
150,932,913.95
151,932,914.51
152,932,910.81
153,932,912.36
154,932,920.13
155,932,908.89
156,932,915.66
157,932,908.34
158,932,920.17
159,932,903.25
160,932,921.38
161,932,922.77
162,932,915.97
163,932,906.09
164,932,917.7
165,932,916.13
166,932,919.21
167,932,918.02
168,932,919.62
169,932,916.1
170,932,917.73
171,932,917.79
172,932,921.59
173,932,914.9
174,932,896.1
175,932,917.28
176,932,910.1
177,932,915.88
178,932,905.51
179,932,922.61
180,932,914.2
181,932,912.21
182,932,907.16
183,932,915.73
184,932,915.81
185,932,908.36
186,932,907.02
187,932,907.74
188,932,894.95
189,932,915.22
190,932,916.73
191,932,904.06
192,932,908.17
193,932,907.5
194,932,908.57
195,932,899.8
196,932,921.66
197,932,904.86
198,932,914.55
199,932,901.16
200,932,926.28
201,932,912.06
202,932,918.27
203,932,905.61
204,932,906.87
205,932,913.1
206,932,916.39
207,932,906.0
208,932,921.07
209,932,909.84
210,932,901.41
211,932,901.35
212,932,912.39
213,932,915.04
214,932,909.85
215,932,917.57
216,932,891.44
217,932,916.65
218,932,918.78
219,932,919.45
220,932,914.71
221,932,907.54
222,932,911.39
223,932,891.67
224,932,909.26
225,932,915.02
226,932,891.83
227,932,913.8
228,932,910.49
229,932,906.64
230,932,901.02
231,932,908.69
232,932,913.76
233,932,914.26
234,932,908.57
235,932,910.3
236,932,908.35
237,932,924.96
238,932,910.35
239,932,903.51
240,932,893.34
241,932,909.24
242,932,923.59
243,932,912.33
244,932,892.93
245,932,912.6
246,932,909.59
247,932,915.32
248,932,906.32
249,932,916.78
250,932,909.06
251,932,906.19
252,932,913.23
253,932,914.21
254,932,917.67
255,932,909.03
256,932,914.24
257,932,903.21
258,932,907.92
259,932,896.5
260,932,908.68
261,932,909.54
262,932,920.09
263,932,917.27
264,932,914.5
265,932,905.41
266,932,915.82
267,932,909.34
268,932,918.6
269,932,911.44
270,932,909.25
271,932,916.59
272,932,916.05
273,932,898.65
274,932,910.59
275,932,917.39
276,932,911.28
277,932,915.68
278,932,918.86
279,932,921.62
280,932,912.12
281,932,899.14
282,932,921.94
283,932,911.25
284,932,899.59
285,932,910.39
286,932,909.63
287,932,918.47
288,932,910.6
289,932,918.99
290,932,911.15
291,932,912.55
292,932,911.16
293,932,916.58
294,932,911.93
295,932,916.63
296,932,898.94
297,932,916.04
298,932,912.65
299,932,915.59
300,932,916.49
301,932,894.81
302,932,918.1
303,932,903.38
304,932,914.13
305,932,907.89
306,932,917.45
307,932,904.41
308,932,916.92
309,932,916.13
310,932,910.85
311,932,911.42
312,932,915.46
313,932,916.8
314,932,894.3
315,932,912.49
316,932,920.07
317,932,914.53
318,932,915.46
319,932,914.36
320,932,919.5
321,932,901.06
322,932,917.6
323,932,911.1
324,932,903.83
325,932,913.55
326,932,915.74
327,932,914.62
328,932,916.94
329,932,907.11
330,932,920.12
331,932,916.72
332,932,905.37
333,932,922.29
334,932,905.86
335,932,907.59
336,932,897.55
337,932,906.66
338,932,912.24
339,932,912.28
340,932,914.11
341,932,923.57
342,932,913.56
343,932,899.92
344,932,909.24
345,932,919.2
346,932,910.49
347,932,914.94
348,932,912.43
349,932,899.15
350,932,909.55
351,932,917.2
352,932,918.87
353,932,904.86
354,932,909.72
355,932,915.17
356,932,919.52
357,932,907.33
358,932,910.17
359,932,895.33
360,932,920.0
361,932,904.29
362,932,899.99
363,932,912.44
364,932,918.37
365,932,905.52
366,932,921.49
367,932,919.7
368,932,913.71
369,932,912.17
370,932,910.16
371,932,919.41
372,932,919.45
373,932,912.73
374,932,918.02
375,932,917.68
376,932,921.83
377,932,918.0
378,932,909.17
379,932,908.65
380,932,920.74
381,932,913.78
382,932,914.33
383,932,920.73
384,932,920.14
385,932,918.94
386,932,912.97
387,932,902.33
388,932,904.98
389,932,902.75
390,932,911.61
391,932,911.4
392,932,896.9
393,932,912.53
394,932,916.69
395,932,912.88
396,932,909.82
397,932,906.84
398,932,913.41
399,932,904.91
400,932,907.37
401,932,917.77
402,932,908.4
403,932,913.9
404,932,908.74
405,932,919.37
406,932,907.84
407,932,914.94
408,932,926.08
409,932,917.72
410,932,917.02
411,932,918.83
412,932,912.17
413,932,904.34
414,932,907.79
415,932,912.82
416,932,911.88
417,932,916.18
418,932,903.72
419,932,910.98
420,932,906.82
421,932,910.45
422,932,912.88
423,932,912.42
424,932,917.59
425,932,914.91
426,932,913.85
427,932,909.0
428,932,918.77
429,932,910.85
430,932,907.58
431,932,900.98
432,932,922.47
433,932,913.04
434,932,917.01
435,932,907.64
436,932,912.62
437,932,900.98
438,932,905.93
439,932,904.61
440,932,912.74
441,932,902.23
442,932,910.38
443,932,911.49
444,932,908.42
445,932,904.51
446,932,909.11
447,932,918.74
448,932,912.23
449,932,920.89
450,932,916.67
451,932,913.73
452,932,920.39
453,932,913.36
454,932,915.45
455,932,914.2
456,932,923.67
457,932,912.5
458,932,894.26
459,932,914.36
460,932,900.95
461,932,912.01
462,932,913.12
463,932,916.93
464,932,911.48
465,932,908.54
466,932,908.68
467,932,910.45
468,932,921.19
469,932,902.86
470,932,901.65
471,932,913.15
472,932,911.45
473,932,918.26
474,932,914.65
475,932,915.45
476,932,916.74
477,932,912.53
478,932,920.32
479,932,881.36
480,932,915.51
481,932,908.46
482,932,919.2
483,932,914.5
484,932,906.83
485,932,911.39
486,932,907.66
487,932,903.31
488,932,912.72
489,932,912.47
490,932,924.01
491,932,918.32
492,932,909.57
493,932,911.21
494,932,906.31
495,932,909.42
496,932,901.96
497,932,920.82
498,932,901.0
499,932,915.28
500,932,910.21
501,932,912.17
502,932,888.41
503,932,901.48
504,932,914.08
505,932,917.85
506,932,908.89
507,932,907.48
508,932,907.83
509,932,910.96
510,932,915.11
511,932,920.82
512,932,919.76
513,932,902.3
514,932,899.89
515,932,922.26
516,932,893.13
517,932,912.08
518,932,922.12
519,932,921.35
520,932,918.35
521,932,915.22
522,932,901.96
523,932,922.36
524,932,915.41
525,932,913.35
526,932,920.13
527,932,914.78
528,932,904.18
529,932,918.87
530,932,916.45
531,932,913.58
532,932,910.48
533,932,911.2
534,932,919.13
535,932,914.69
536,932,896.04
537,932,910.92
538,932,927.38
539,932,914.75
540,932,904.1
541,932,917.64
542,932,906.43
543,932,926.5
544,932,921.29
545,932,923.96
546,932,916.98
547,932,927.31
548,932,919.82
549,932,903.84
550,932,914.5
551,932,909.19
552,932,905.06
553,932,914.06
554,932,900.75
555,932,917.81
556,932,922.54
557,932,913.65
558,932,915.29
559,932,913.19
560,932,909.79
561,932,908.17
562,932,904.71
563,932,919.29
564,932,917.85
565,932,896.48
566,932,914.1
567,932,912.32
568,932,924.04
569,932,907.18
570,932,905.84
571,932,917.06
572,932,921.43
573,932,919.82
574,932,915.25
575,932,893.93
576,932,915.04
577,932,914.88
578,932,909.51
579,932,905.46
580,932,902.34
581,932,917.61
582,932,916.21
583,932,923.48
584,932,888.97
585,932,909.14
586,932,910.49
587,932,922.69
588,932,924.76
589,932,914.14
590,932,904.94
591,932,907.24
592,932,907.04
593,932,908.23
594,932,927.16
595,932,915.38
596,932,911.01
597,932,915.5
598,932,916.9
599,932,918.57
600,932,914.18
601,932,911.15
602,932,906.15
603,932,908.68
604,932,915.37
605,932,903.09
606,932,916.2
607,932,916.95
608,932,908.18
609,932,915.37
610,932,910.97
611,932,916.72
612,932,921.69
613,932,914.99
614,932,907.79
615,932,924.23
616,932,918.1
617,932,918.75
618,932,920.44
619,932,919.49
620,932,921.45
621,932,904.01
622,932,903.32
623,932,907.76
624,932,916.7
625,932,914.5
626,932,905.24
627,932,904.54
628,932,901.97
629,932,916.47
630,932,915.53
631,932,906.91
632,932,920.22
633,932,921.14
634,932,921.77
635,932,914.97
636,932,912.79
637,932,910.75
638,932,921.64
639,932,899.74
640,932,901.8
641,932,912.03
642,932,911.28
643,932,918.0
644,932,909.71
645,932,916.32
646,932,912.39
647,932,918.38
648,932,902.91
649,932,916.55
650,932,908.81
651,932,915.42
652,932,917.03
653,932,907.61
654,932,909.16
655,932,905.12
656,932,904.17
657,932,923.03
658,932,908.69
659,932,906.26
660,932,912.18
661,932,919.57
662,932,908.78
663,932,911.58
664,932,908.85
665,932,893.81
666,932,920.32
667,932,925.51
668,932,920.39
669,932,915.15
670,932,914.79
671,932,905.4
672,932,918.15
673,932,925.16
674,932,907.3
675,932,907.94
676,932,915.23
677,932,914.75
678,932,909.08
679,932,912.56
680,932,923.16
681,932,918.28
682,932,907.35
683,932,916.69
684,932,903.25
685,932,916.05
686,932,906.6
687,932,916.2
688,932,909.98
689,932,916.97
690,932,925.06
691,932,911.08
692,932,918.94
693,932,926.06
694,932,906.29
695,932,916.83
696,932,913.14
697,932,919.98
698,932,919.84
699,932,913.29
700,932,901.2
701,932,925.11
702,932,910.6
703,932,895.85
704,932,916.07
705,932,926.33
706,932,916.94
707,932,905.88
708,932,911.5
709,932,909.85
710,932,922.96
711,932,920.85
712,932,902.89
713,932,915.2
714,932,905.74
715,932,909.48
716,932,911.23
717,932,908.76
718,932,921.56
719,932,911.28
720,932,912.64
721,932,907.21
722,932,910.01
723,932,900.68
724,932,906.85
725,932,915.78
726,932,924.09
727,932,896.61
728,932,901.63
729,932,893.53
730,932,915.03
731,932,914.52
732,932,918.22
733,932,909.95
734,932,905.23
735,932,912.67
736,932,916.05
737,932,905.56
738,932,917.8
739,932,912.65
740,932,920.59
741,932,914.31
742,932,919.77
743,932,919.22
744,932,908.35
745,932,911.81
746,932,910.97
747,932,906.18
748,932,899.55
749,932,909.79
750,932,913.3
751,932,905.07
752,932,894.94
753,932,920.56
754,932,919.15
755,932,905.68
756,932,904.57
757,932,904.77
758,932,923.45
759,932,917.39
760,932,900.62
761,932,911.86
762,932,917.49
763,932,908.85
764,932,919.95
765,932,911.49
766,932,916.42
767,932,907.01
768,932,907.76
769,932,919.77
770,932,913.71
771,932,903.07
772,932,911.27
773,932,922.01
774,932,922.63
775,932,907.48
776,932,918.78
777,932,912.9
778,932,921.12
779,932,901.45
780,932,921.1
781,932,915.7
782,932,911.17
783,932,914.28
784,932,919.17
785,932,908.67
786,932,919.26
787,932,917.0
788,932,910.19
789,932,911.99
790,932,905.38
791,932,898.0
792,932,912.28
793,932,918.22
794,932,913.22
795,932,920.87
796,932,919.79
797,932,923.44
798,932,911.99
799,932,921.31
800,932,916.42
801,932,912.68
802,932,919.97
803,932,914.88
804,932,896.43
805,932,923.04
806,932,915.43
807,932,919.75
808,932,899.67
809,932,916.12
810,932,917.57
811,932,916.17
812,932,913.99
813,932,916.22
814,932,914.74
815,932,922.59
816,932,910.15
817,932,911.14
818,932,911.68
819,932,916.73
820,932,915.95
821,932,902.75
822,932,921.64
823,932,921.86
824,932,919.97
825,932,920.42
826,932,911.3
827,932,920.63
828,932,927.58
829,932,926.64
830,932,909.52
831,932,909.73
832,932,913.81
833,932,914.14
834,932,925.62
835,932,911.7
836,932,909.15
837,932,901.64
838,932,902.97
839,932,904.18
840,932,918.29
841,932,911.31
842,932,914.45
843,932,907.5
844,932,897.48
845,932,922.53
846,932,919.95
847,932,917.9
848,932,901.4
849,932,910.74
850,932,919.42
851,932,912.51
852,932,915.86
853,932,902.85
854,932,920.41
855,932,909.37
856,932,910.2
857,932,903.42
858,932,910.46
859,932,919.04
860,932,899.37
861,932,914.72
862,932,915.46
863,932,918.49
864,932,912.44
865,932,914.63
866,932,924.72
867,932,891.15
868,932,892.28
869,932,910.7
870,932,923.49
871,932,905.5
872,932,923.42
873,932,907.9
874,932,918.37
875,932,920.39
876,932,901.28
877,932,898.36
878,932,912.36
879,932,909.62
880,932,916.34
881,932,918.58
882,932,895.26
883,932,911.21
884,932,919.89
885,932,893.37
886,932,910.3
887,932,908.39
888,932,923.18
889,932,929.0
890,932,912.68
891,932,914.37
892,932,899.86
893,932,918.42
894,932,909.33
895,932,917.53
896,932,917.57
897,932,907.73
898,932,923.83
899,932,919.24
900,932,915.31
901,932,913.75
902,932,921.95
903,932,915.74
904,932,914.83
905,932,909.65
906,932,908.88
907,932,905.71
908,932,908.19
909,932,916.48
910,932,915.9
911,932,914.0
912,932,924.48
913,932,911.46
914,932,913.13
915,932,918.35
916,932,910.45
917,932,917.14
918,932,907.71
919,932,904.81
920,932,902.88
921,932,918.87
922,932,919.05
923,932,910.33
924,932,915.74
925,932,909.84
926,932,909.43
927,932,909.29
928,932,900.53
929,932,898.75
930,932,909.41
931,932,901.61
932,932,907.61
933,932,922.06
934,932,909.38
935,932,925.68
936,932,921.56
937,932,910.5
938,932,912.52
939,932,907.95
940,932,907.17
941,932,916.27
942,932,905.08
943,932,917.02
944,932,914.85
945,932,916.16
946,932,909.1
947,932,907.81
948,932,915.13
949,932,903.51
950,932,915.36
951,932,910.87
952,932,907.78
953,932,917.37
954,932,910.94
955,932,921.39
956,932,913.64
957,932,904.1
958,932,908.51
959,932,919.02
960,932,912.85
961,932,917.97
962,932,897.2
963,932,907.93
964,932,915.54
965,932,915.46
966,932,915.95
967,932,914.03
968,932,911.55
969,932,916.91
970,932,916.3
971,932,913.82
972,932,916.95
973,932,917.61
974,932,910.32
975,932,914.18
976,932,924.46
977,932,904.41
978,932,924.36
979,932,917.65
980,932,916.79
981,932,899.09
982,932,912.73
983,932,902.42
984,932,904.99
985,932,917.62
986,932,905.74
987,932,905.43
988,932,904.11
989,932,908.35
990,932,913.46
991,932,910.18
992,932,903.66
993,932,912.73
994,932,922.71
995,932,897.0
996,932,900.87
997,932,895.83
998,932,916.62
999,932,908.87
1000,932,915.97
1001,932,920.12
1002,932,916.5
1003,932,915.28
1004,932,918.79
1005,932,912.95
1006,932,913.35
1007,932,928.25
1008,932,919.87
1009,932,911.81
1010,932,911.08
1011,932,918.92
1012,932,911.01
1013,932,918.49
1014,932,899.32
1015,932,899.88
1016,932,912.87
1017,932,902.6
1018,932,902.84
1019,932,915.19
1020,932,912.99
1021,932,917.7
1022,932,913.24
1023,932,915.67
1024,932,909.51
1025,932,907.33
1026,932,919.44
1027,932,912.18
1028,932,921.48
1029,932,903.1
1030,932,913.94
1031,932,922.57
1032,932,908.17
1033,932,914.7
1034,932,906.19
1035,932,914.42
1036,932,917.95
1037,932,914.0
1038,932,915.17
1039,932,919.67
1040,932,920.67
1041,932,914.33
1042,932,919.84
1043,932,924.94
1044,932,912.75
1045,932,920.44
1046,932,913.19
1047,932,904.08
1048,932,914.07
1049,932,914.14
1050,932,920.46
1051,932,912.1
1052,932,916.98
1053,932,916.9
1054,932,914.77
1055,932,912.27
1056,932,912.38
1057,932,899.87
1058,932,921.57
1059,932,912.04
1060,932,920.81
1061,932,926.81
1062,932,919.3
1063,932,916.33
1064,932,909.97
1065,932,916.1
1066,932,910.43
1067,932,903.92
1068,932,912.67
1069,932,918.26
1070,932,908.86
1071,932,914.9
1072,932,908.83
1073,932,929.7
1074,932,915.58
1075,932,913.49
1076,932,915.29
1077,932,925.26
1078,932,919.0
1079,932,920.79
1080,932,910.11
1081,932,897.78
1082,932,916.92
1083,932,928.78
1084,932,903.32
1085,932,913.53
1086,932,916.45
1087,932,924.73
1088,932,912.25
1089,932,914.11
1090,932,913.04
1091,932,914.28
1092,932,918.92
1093,932,891.19
1094,932,914.7
1095,932,917.37
1096,932,917.88
1097,932,904.79
1098,932,914.96
1099,932,916.09
1100,932,901.12
1101,932,914.63
1102,932,922.24
1103,932,894.12
1104,932,905.46
1105,932,911.94
1106,932,911.15
1107,932,908.34
1108,932,917.97
1109,932,919.24
1110,932,905.14
1111,932,907.18
1112,932,907.28
1113,932,924.01
1114,932,913.39
1115,932,915.23
1116,932,916.76
1117,932,904.96
1118,932,910.46
1119,932,922.91
1120,932,920.44
1121,932,917.67
1122,932,922.12
1123,932,925.64
1124,932,903.05
1125,932,911.93
1126,932,914.17
1127,932,917.89
1128,932,920.92
1129,932,917.65
1130,932,921.57
1131,932,925.31
1132,932,930.05
1133,932,910.99
1134,932,908.14
1135,932,894.25
1136,932,921.86
1137,932,897.3
1138,932,914.7
1139,932,910.14
1140,932,912.63
1141,932,903.21
1142,932,904.39
1143,932,916.69
1144,932,919.91
1145,932,909.89
1146,932,907.87
1147,932,899.16
1148,932,914.35
1149,932,920.74
1150,932,896.61
1151,932,901.64
1152,932,917.62
1153,932,920.64
1154,932,916.65
1155,932,912.49
1156,932,920.62
1157,932,918.77
1158,932,922.42
1159,932,905.11
1160,932,913.86
1161,932,912.54
1162,932,922.49
1163,932,915.96
1164,932,915.71
1165,932,916.05
1166,932,909.89
1167,932,904.36
1168,932,905.33
1169,932,914.85
1170,932,919.29
1171,932,896.28
1172,932,911.05
1173,932,910.24
1174,932,915.69
1175,932,906.15
1176,932,917.97
1177,932,914.34
1178,932,909.28
1179,932,912.03
1180,932,925.46
1181,932,908.84
1182,932,917.87
1183,932,917.4
1184,932,910.16
1185,932,915.51
1186,932,917.35
1187,932,908.04
1188,932,912.37
1189,932,914.79
1190,932,914.1
1191,932,914.18
1192,932,923.25
1193,932,905.99
1194,932,906.26
1195,932,923.38
1196,932,920.44
1197,932,918.25
1198,932,911.23
1199,932,913.88
1200,932,901.79
1201,932,910.24
1202,932,914.23
1203,932,919.09
1204,932,910.41
1205,932,901.33
1206,932,919.72
1207,932,923.29
1208,932,915.15
1209,932,913.42
1210,932,914.97
1211,932,913.86
1212,932,917.36
1213,932,919.62
1214,932,907.04
1215,932,919.29
1216,932,922.87
1217,932,914.6
1218,932,916.7
1219,932,916.77
1220,932,906.56
1221,932,910.59
1222,932,925.89
1223,932,914.28
1224,932,918.92
1225,932,907.81
1226,932,903.12
1227,932,904.94
1228,932,913.15
1229,932,921.33
1230,932,918.14
1231,932,907.34
1232,932,915.35
1233,932,909.8
1234,932,907.42
1235,932,907.77
1236,932,911.79
1237,932,919.31
1238,932,901.06
1239,932,912.13
1240,932,913.88
1241,932,895.77
1242,932,903.91
1243,932,910.93
1244,932,909.23
1245,932,903.54
1246,932,927.03
1247,932,911.92
1248,932,903.85
1249,932,911.33
1250,932,914.25
1251,932,916.24
1252,932,917.72
1253,932,897.95
1254,932,915.07
1255,932,914.92
1256,932,917.36
1257,932,922.33
1258,932,907.87
1259,932,916.33
1260,932,914.88
1261,932,903.97
1262,932,904.18
1263,932,907.27
1264,932,909.47
1265,932,912.83
1266,932,902.87
1267,932,920.44
1268,932,914.47
1269,932,909.15
1270,932,907.09
1271,932,919.48
1272,932,914.19
1273,932,914.25
1274,932,914.23
1275,932,915.52
1276,932,923.32
1277,932,919.61
1278,932,921.49
1279,932,918.1
1280,932,912.06
1281,932,904.57
1282,932,915.32
1283,932,896.46
1284,932,918.68
1285,932,904.37
1286,932,909.79
1287,932,905.73
1288,932,914.83
1289,932,914.05
1290,932,908.73
1291,932,910.22
1292,932,913.27
1293,932,898.17
1294,932,911.35
1295,932,923.26
1296,932,917.46
1297,932,918.59
1298,932,910.93
1299,932,921.74
1300,932,916.85
1301,932,920.72
1302,932,913.29
1303,932,920.0
1304,932,920.52
1305,932,921.27
1306,932,922.38
1307,932,914.6
1308,932,918.92
1309,932,904.47
1310,932,916.27
1311,932,910.16
1312,932,918.51
1313,932,910.01
1314,932,911.36
1315,932,914.76
1316,932,912.69
1317,932,909.54
1318,932,906.01
1319,932,916.07
1320,932,910.24
1321,932,902.78
1322,932,907.53
1323,932,916.87
1324,932,913.69
1325,932,920.36
1326,932,915.02
1327,932,904.51
1328,932,919.8
1329,932,920.36
1330,932,907.75
1331,932,911.04
1332,932,910.77
1333,932,909.92
1334,932,899.21
1335,932,910.26
1336,932,903.19
1337,932,915.42
1338,932,922.79
1339,932,915.88
1340,932,914.72
1341,932,918.3
1342,932,899.59
1343,932,918.12
1344,932,907.14
1345,932,910.89
1346,932,921.12
1347,932,909.59
1348,932,902.84
1349,932,916.52
1350,932,918.52
1351,932,895.27
1352,932,907.33
1353,932,919.79
1354,932,911.5
1355,932,919.47
1356,932,900.47
1357,932,903.77
1358,932,913.74
1359,932,912.17
1360,932,908.4
1361,932,909.85
1362,932,907.57
1363,932,909.35
1364,932,917.27
1365,932,914.42
1366,932,909.38
1367,932,923.69
1368,932,910.49
1369,932,923.44
1370,932,920.59
1371,932,916.13
1372,932,916.55
1373,932,917.15
1374,932,915.39
1375,932,913.82
1376,932,925.48
1377,932,915.61
1378,932,909.76
1379,932,911.38
1380,932,909.93
1381,932,920.7
1382,932,916.83
1383,932,905.79
1384,932,899.61
1385,932,898.43
1386,932,913.49
1387,932,909.16
1388,932,920.67
1389,932,920.1
1390,932,916.29
1391,932,914.11
1392,932,912.35
1393,932,914.11
1394,932,908.43
1395,932,919.89
1396,932,917.06
1397,932,916.16
1398,932,918.91
1399,932,907.24
1400,932,915.11
1401,932,904.01
1402,932,914.45
1403,932,920.98
1404,932,909.69
1405,932,912.5
1406,932,899.88
1407,932,898.18
1408,932,900.25
1409,932,914.23
1410,932,910.22
1411,932,916.3
1412,932,922.02
1413,932,915.18
1414,932,911.25
1415,932,914.03
1416,932,913.15
1417,932,916.33
1418,932,914.37
1419,932,903.77
1420,932,907.03
1421,932,910.33
1422,932,905.55
1423,932,898.18
1424,932,921.1
1425,932,900.26
1426,932,911.2
1427,932,905.47
1428,932,905.65
1429,932,905.72
1430,932,910.73
1431,932,911.47
1432,932,913.73
1433,932,908.1
1434,932,915.11
1435,932,913.73
1436,932,910.8
1437,932,890.11
1438,932,916.45
1439,932,914.34
1440,932,922.27
1441,932,909.5
1442,932,907.4
1443,932,917.12
1444,932,921.81
1445,932,899.11
1446,932,909.23
1447,932,911.01
1448,932,917.6
1449,932,908.65
1450,932,910.6
1451,932,921.52
1452,932,907.36
1453,932,900.39
1454,932,906.43
1455,932,913.02
1456,932,921.37
1457,932,900.05
1458,932,907.55
1459,932,914.52
1460,932,918.07
1461,932,910.95
1462,932,913.58
1463,932,905.6
1464,932,917.07
1465,932,910.98
1466,932,913.57
1467,932,916.0
1468,932,922.22
1469,932,907.25
1470,932,906.04
1471,932,902.76
1472,932,904.25
1473,932,913.0
1474,932,907.75
1475,932,909.13
1476,932,889.4
1477,932,901.62
1478,932,913.76
1479,932,916.68
1480,932,914.44
1481,932,914.23
1482,932,910.34
1483,932,897.63
1484,932,917.86
1485,932,905.07
1486,932,918.49
1487,932,916.91
1488,932,908.96
1489,932,905.54
1490,932,911.84
1491,932,920.24
1492,932,907.3
1493,932,925.33
1494,932,905.86
1495,932,918.52
1496,932,914.83
1497,932,905.22
1498,932,909.5
1499,932,913.0
1500,932,911.75
1501,932,911.63
1502,932,906.03
1503,932,911.56
1504,932,908.2
1505,932,914.98
1506,932,910.42
1507,932,911.99
1508,932,916.36
1509,932,914.76
1510,932,917.38
1511,932,916.06
1512,932,913.89
1513,932,909.74
1514,932,909.46
1515,932,914.95
1516,932,904.94
1517,932,919.32
1518,932,904.38
1519,932,915.71
1520,932,906.59
1521,932,916.8
1522,932,915.43
1523,932,901.53
1524,932,913.03
1525,932,916.52
1526,932,916.34
1527,932,899.02
1528,932,920.41
1529,932,920.14
1530,932,918.13
1531,932,909.48
1532,932,918.82
1533,932,925.03
1534,932,917.21
1535,932,906.78
1536,932,914.66
1537,932,910.58
1538,932,910.92
1539,932,911.23
1540,932,908.3
1541,932,914.2
1542,932,915.46
1543,932,913.46
1544,932,909.61
1545,932,907.6
1546,932,904.18
1547,932,908.61
1548,932,901.81
1549,932,916.35
1550,932,905.49
1551,932,914.44
1552,932,920.04
1553,932,922.51
1554,932,913.15
1555,932,920.12
1556,932,915.62
1557,932,901.25
1558,932,921.99
1559,932,917.94
1560,932,908.11
1561,932,910.99
1562,932,915.72
1563,932,909.66
1564,932,910.07
1565,932,912.91
1566,932,907.85
1567,932,921.87
1568,932,913.09
1569,932,903.07
1570,932,907.04
1571,932,916.16
1572,932,920.99
1573,932,900.06
1574,932,924.41
1575,932,908.91
1576,932,919.26
1577,932,910.41
1578,932,913.91
1579,932,905.7
1580,932,914.34
1581,932,920.09
1582,932,908.26
1583,932,916.35
1584,932,915.09
1585,932,912.36
1586,932,911.93
1587,932,912.77
1588,932,910.54
1589,932,910.96
1590,932,911.64
1591,932,917.49
1592,932,903.55
1593,932,908.14
1594,932,901.45
1595,932,917.48
1596,932,915.75
1597,932,909.1
1598,932,920.79
1599,932,918.07
1600,932,914.86
1601,932,924.84
1602,932,906.68
1603,932,921.69
1604,932,919.18
1605,932,916.25
1606,932,914.1
1607,932,918.75
1608,932,920.83
1609,932,915.22
1610,932,904.79
1611,932,910.64
1612,932,917.8
1613,932,881.42
1614,932,918.72
1615,932,903.88
1616,932,904.97
1617,932,904.38
1618,932,914.92
1619,932,919.84
1620,932,921.14
1621,932,916.76
1622,932,920.26
1623,932,906.29
1624,932,906.06
1625,932,906.17
1626,932,914.54
1627,932,911.05
1628,932,911.68
1629,932,913.89
1630,932,915.56
1631,932,910.64
1632,932,907.08
1633,932,912.21
1634,932,918.66
1635,932,909.17
1636,932,901.95
1637,932,896.16
1638,932,913.04
1639,932,918.53
1640,932,908.0
1641,932,907.13
1642,932,918.97
1643,932,912.87
1644,932,914.82
1645,932,913.72
1646,932,905.93
1647,932,914.58
1648,932,915.97
1649,932,901.19
1650,932,905.46
1651,932,908.85
1652,932,909.52
1653,932,914.27
1654,932,915.14
1655,932,913.62
1656,932,921.14
1657,932,918.75
1658,932,914.08
1659,932,919.06
1660,932,915.45
1661,932,918.5
1662,932,920.84
1663,932,917.23
1664,932,912.1
1665,932,904.72
1666,932,918.52
1667,932,914.03
1668,932,920.97
1669,932,917.95
1670,932,907.52
1671,932,907.23
1672,932,905.97
1673,932,918.86
1674,932,918.6
1675,932,910.86
1676,932,901.65
1677,932,905.63
1678,932,916.62
1679,932,911.76
1680,932,911.74
1681,932,909.76
1682,932,915.09
1683,932,903.77
1684,932,915.67
1685,932,912.14
1686,932,914.66
1687,932,914.26
1688,932,914.13
1689,932,904.97
1690,932,918.62
1691,932,915.56
1692,932,913.43
1693,932,918.37
1694,932,914.38
1695,932,911.68
1696,932,919.83
1697,932,911.46
1698,932,907.61
1699,932,920.15
1700,932,914.19
1701,932,921.54
1702,932,908.94
1703,932,908.09
1704,932,907.45
1705,932,921.84
1706,932,911.56
1707,932,914.95
1708,932,913.62
1709,932,921.98
1710,932,892.47
1711,932,899.14
1712,932,915.11
1713,932,911.2
1714,932,917.07
1715,932,920.22
1716,932,904.88
1717,932,910.9
1718,932,905.39
1719,932,922.27
1720,932,923.06
1721,932,915.27
1722,932,907.06
1723,932,906.69
1724,932,924.29
1725,932,920.96
1726,932,914.8
1727,932,907.11
1728,932,921.17
1729,932,904.9
1730,932,914.84
1731,932,901.99
1732,932,916.32
1733,932,908.95
1734,932,915.18
1735,932,917.57
1736,932,904.8
1737,932,920.7
1738,932,904.59
1739,932,915.83
1740,932,911.26
1741,932,918.52
1742,932,912.11
1743,932,899.8
1744,932,909.19
1745,932,913.07
1746,932,913.26
1747,932,917.08
1748,932,909.2
1749,932,915.71
1750,932,905.43
1751,932,911.48
1752,932,899.09
1753,932,917.28
1754,932,916.94
1755,932,913.81
1756,932,920.97
1757,932,914.66
1758,932,908.17
1759,932,919.31
1760,932,905.54
1761,932,905.12
1762,932,919.99
1763,932,913.03
1764,932,898.71
1765,932,920.12
1766,932,910.52
1767,932,910.3
1768,932,908.3
1769,932,916.91
1770,932,911.19
1771,932,906.33
1772,932,918.12
1773,932,923.79
1774,932,899.09
1775,932,914.48
1776,932,909.36
1777,932,919.77
1778,932,910.04
1779,932,914.68
1780,932,925.13
1781,932,913.18
1782,932,911.11
1783,932,912.02
1784,932,918.6
1785,932,902.54
1786,932,912.18
1787,932,917.15
1788,932,923.86
1789,932,921.42
1790,932,910.61
1791,932,919.32
1792,932,901.86
1793,932,912.33
1794,932,909.42
1795,932,916.33
1796,932,905.64
1797,932,915.63
1798,932,911.83
1799,932,912.92
1800,932,919.1
1801,932,922.13
1802,932,914.18
1803,932,914.89
1804,932,926.08
1805,932,908.28
1806,932,901.72
1807,932,918.11
1808,932,909.58
1809,932,910.54
1810,932,913.25
1811,932,924.22
1812,932,918.61
1813,932,914.19
1814,932,906.18
1815,932,903.75
1816,932,914.63
1817,932,921.22
1818,932,919.09
1819,932,913.69
1820,932,917.42
1821,932,909.79
1822,932,905.76
1823,932,912.24
1824,932,906.84
1825,932,898.59
1826,932,919.27
1827,932,912.36
1828,932,906.73
1829,932,914.0
1830,932,921.86
1831,932,917.67
1832,932,917.14
1833,932,909.82
1834,932,912.84
1835,932,911.47
1836,932,911.28
1837,932,914.0
1838,932,912.88
1839,932,908.51
1840,932,913.16
1841,932,913.27
1842,932,915.36
1843,932,917.5
1844,932,894.61
1845,932,901.66
1846,932,911.87
1847,932,903.11
1848,932,915.92
1849,932,912.6
1850,932,910.82
1851,932,913.43
1852,932,913.49
1853,932,917.9
1854,932,904.59
1855,932,913.9
1856,932,916.7
1857,932,915.45
1858,932,917.44
1859,932,919.72
1860,932,919.95
1861,932,907.34
1862,932,912.12
1863,932,904.36
1864,932,919.07
1865,932,908.03
1866,932,917.99
1867,932,922.31
1868,932,921.91
1869,932,914.95
1870,932,915.6
1871,932,907.87
1872,932,905.81
1873,932,896.89
1874,932,905.93
1875,932,911.5
1876,932,905.49
1877,932,920.92
1878,932,908.61
1879,932,922.45
1880,932,923.69
1881,932,914.21
1882,932,903.51
1883,932,905.88
1884,932,907.88
1885,932,916.5
1886,932,909.75
1887,932,913.5
1888,932,921.59
1889,932,911.29
1890,932,910.83
1891,932,905.54
1892,932,907.96
1893,932,908.54
1894,932,916.35
1895,932,914.48
1896,932,921.74
1897,932,913.61
1898,932,920.1
1899,932,914.11
1900,932,916.51
1901,932,914.49
1902,932,923.17
1903,932,911.31
1904,932,921.23
1905,932,915.52
1906,932,922.67
1907,932,912.74
1908,932,906.82
1909,932,912.74
1910,932,916.65
1911,932,905.41
1912,932,919.51
1913,932,917.97
1914,932,912.68
1915,932,912.77
1916,932,909.92
1917,932,916.6
1918,932,914.66
1919,932,916.05
1920,932,903.85
1921,932,916.78
1922,932,919.01
1923,932,923.82
1924,932,906.86
1925,932,906.89
1926,932,908.36
1927,932,903.81
1928,932,915.84
1929,932,902.94
1930,932,916.61
1931,932,901.24
1932,932,916.37
1933,932,915.15
1934,932,899.2
1935,932,916.08
1936,932,896.21
1937,932,912.11
1938,932,917.67
1939,932,914.55
1940,932,914.7
1941,932,905.94
1942,932,905.73
1943,932,919.35
1944,932,907.98
1945,932,904.28
1946,932,912.83
1947,932,920.26
1948,932,922.53
1949,932,903.63
1950,932,920.49
1951,932,920.1
1952,932,912.73
1953,932,905.14
1954,932,910.57
1955,932,910.82
1956,932,924.0
1957,932,904.02
1958,932,911.05
1959,932,901.05
1960,932,908.9
1961,932,911.45
1962,932,919.42
1963,932,907.71
1964,932,911.39
1965,932,912.38
1966,932,911.11
1967,932,924.76
1968,932,907.03
1969,932,908.82
1970,932,898.55
1971,932,913.69
1972,932,921.47
1973,932,921.86
1974,932,915.18
1975,932,905.1
1976,932,914.25
1977,932,904.04
1978,932,908.17
1979,932,900.99
1980,932,917.2
1981,932,913.4
1982,932,908.03
1983,932,921.59
1984,932,916.1
1985,932,915.28
1986,932,905.61
1987,932,911.51
1988,932,902.43
1989,932,902.53
1990,932,920.47
1991,932,915.42
1992,932,905.08
1993,932,916.97
1994,932,910.71
1995,932,905.75
1996,932,919.41
1997,932,904.89
1998,932,922.79
1999,932,918.28
2000,932,911.09
2001,932,912.47
2002,932,908.95
2003,932,921.74
2004,932,923.53
2005,932,909.15
2006,932,902.52
2007,932,909.05
2008,932,910.16
2009,932,910.03
2010,932,913.88
2011,932,908.76
2012,932,905.94
2013,932,905.01
2014,932,918.71
2015,932,907.2
2016,932,919.32
2017,932,918.52
2018,932,920.9
2019,932,915.32
2020,932,918.65
2021,932,917.32
2022,932,918.59
2023,932,913.57
2024,932,919.62
2025,932,912.6
2026,932,911.81
2027,932,906.88
2028,932,913.49
2029,932,916.54
2030,932,907.74
2031,932,913.02
2032,932,902.38
2033,932,914.3
2034,932,917.93
2035,932,919.41
2036,932,911.44
2037,932,907.47
2038,932,911.73
2039,932,890.46
2040,932,915.37
2041,932,914.28
2042,932,911.02
2043,932,899.24
2044,932,921.94
2045,932,910.37
2046,932,909.16
2047,932,914.65
2048,932,900.86
2049,932,916.88
2050,932,910.72
2051,932,912.06
2052,932,912.59
2053,932,912.34
2054,932,908.23
2055,932,911.43
2056,932,904.1
2057,932,921.85
2058,932,917.65
2059,932,915.98
2060,932,909.08
2061,932,898.73
2062,932,922.21
2063,932,920.96
2064,932,916.82
2065,932,926.44
2066,932,925.96
2067,932,916.05
2068,932,916.37
2069,932,916.24
2070,932,915.8
2071,932,918.44
2072,932,924.03
2073,932,911.68
2074,932,915.29
2075,932,908.68
2076,932,897.89
2077,932,927.65
2078,932,917.95
2079,932,914.69
2080,932,918.9
2081,932,904.73
2082,932,920.23
2083,932,910.84
2084,932,916.69
2085,932,907.38
2086,932,896.82
2087,932,916.09
2088,932,914.42
2089,932,926.19
2090,932,919.97
2091,932,912.32
2092,932,913.1
2093,932,912.78
2094,932,912.22
2095,932,907.91
2096,932,900.46
2097,932,922.0
2098,932,909.64
2099,932,899.98
2100,932,901.74
2101,932,917.78
2102,932,915.83
2103,932,908.69
2104,932,907.57
2105,932,922.94
2106,932,910.77
2107,932,902.49
2108,932,913.68
2109,932,909.94
2110,932,914.59
2111,932,917.98
2112,932,919.54
2113,932,904.48
2114,932,913.15
2115,932,910.31
2116,932,907.86
2117,932,911.62
2118,932,911.08
2119,932,919.49
2120,932,915.5
2121,932,902.43
2122,932,912.03
2123,932,917.75
2124,932,910.51
2125,932,900.21
2126,932,911.94
2127,932,913.14
2128,932,908.35
2129,932,923.09
2130,932,913.61
2131,932,915.23
2132,932,905.56
2133,932,903.17
2134,932,908.83
2135,932,908.52
2136,932,916.28
2137,932,900.14
2138,932,917.36
2139,932,920.3
2140,932,904.69
2141,932,926.28
2142,932,921.37
2143,932,917.68
2144,932,921.57
2145,932,912.92
2146,932,913.13
2147,932,905.47
2148,932,913.77
2149,932,921.39
2150,932,909.31
2151,932,908.39
2152,932,903.65
2153,932,905.47
2154,932,897.65
2155,932,911.55
2156,932,908.86
2157,932,911.44
2158,932,917.75
2159,932,917.07
2160,932,920.45
2161,932,917.99
2162,932,920.12
2163,932,917.67
2164,932,896.47
2165,932,914.91
2166,932,920.39
2167,932,897.82
2168,932,922.52
2169,932,926.53
2170,932,923.16
2171,932,919.24
2172,932,912.24
2173,932,917.61
2174,932,920.44
2175,932,909.18
2176,932,917.7
2177,932,908.94
2178,932,904.64
2179,932,900.36
2180,932,915.5
2181,932,922.04
2182,932,927.9
2183,932,914.07
2184,932,919.9
2185,932,906.69
2186,932,904.72
2187,932,922.92
2188,932,908.99
2189,932,918.57
2190,932,917.29
2191,932,919.2
2192,932,920.12
2193,932,921.41
2194,932,918.72
2195,932,902.61
2196,932,906.95
2197,932,915.31
2198,932,909.49
2199,932,907.18
2200,932,918.19
2201,932,911.8
2202,932,912.26
2203,932,906.09
2204,932,910.13
2205,932,923.59
2206,932,917.8
2207,932,919.33
2208,932,906.99
2209,932,913.95
2210,932,917.83
2211,932,919.37
2212,932,905.12
2213,932,919.22
2214,932,913.82
2215,932,915.07
2216,932,917.23
2217,932,918.12
2218,932,904.29
2219,932,911.68
2220,932,908.58
2221,932,917.4
2222,932,918.47
2223,932,911.67
2224,932,911.0
2225,932,917.66
2226,932,903.52
2227,932,897.96
2228,932,915.01
2229,932,909.07
2230,932,907.27
2231,932,918.62
2232,932,901.5
2233,932,920.35
2234,932,911.94
2235,932,914.15
2236,932,911.22
2237,932,904.39
2238,932,916.73
2239,932,920.42
2240,932,923.34
2241,932,918.61
2242,932,915.27
2243,932,919.62
2244,932,906.55
2245,932,913.61
2246,932,917.24
2247,932,903.65
2248,932,914.99
2249,932,907.65
2250,932,922.01
2251,932,910.96
2252,932,915.97
2253,932,916.07
2254,932,904.34
2255,932,920.42
2256,932,911.66
2257,932,916.13
2258,932,917.4
2259,932,918.61
2260,932,923.86
2261,932,904.73
2262,932,907.21
2263,932,908.58
2264,932,915.66
2265,932,907.71
2266,932,903.32
2267,932,904.51
2268,932,907.0
2269,932,919.24
2270,932,916.29
2271,932,918.1
2272,932,917.61
2273,932,907.29
2274,932,922.5
2275,932,904.62
2276,932,918.14
2277,932,894.3
2278,932,921.17
2279,932,910.84
2280,932,903.71
2281,932,895.52
2282,932,915.62
2283,932,900.31
2284,932,897.74
2285,932,911.15
2286,932,920.14
2287,932,915.53
2288,932,908.78
2289,932,920.39
2290,932,906.33
2291,932,910.54
2292,932,904.57
2293,932,905.15
2294,932,924.66
2295,932,906.77
2296,932,918.57
2297,932,909.48
2298,932,889.41
2299,932,902.58
2300,932,901.36
2301,932,902.04
2302,932,914.94
2303,932,912.33
2304,932,904.39
2305,932,917.76
2306,932,918.55
2307,932,912.38
2308,932,903.26
2309,932,911.39
2310,932,901.38
2311,932,908.91
2312,932,915.06
2313,932,914.47
2314,932,908.54
2315,932,910.56
2316,932,921.06
2317,932,917.4
2318,932,909.93
2319,932,916.34
2320,932,895.27
2321,932,921.3
2322,932,917.84
2323,932,910.13
2324,932,907.26
2325,932,907.2
2326,932,918.82
2327,932,909.66
2328,932,912.58
2329,932,911.6
2330,932,909.16
2331,932,912.7
2332,932,910.84
2333,932,919.76
2334,932,918.39
2335,932,916.76
2336,932,916.56
2337,932,915.92
2338,932,904.54
2339,932,915.55
2340,932,910.33
2341,932,920.43
2342,932,911.66
2343,932,920.1
2344,932,915.35
2345,932,905.29
2346,932,922.66
2347,932,918.7
2348,932,911.94
2349,932,916.7
2350,932,921.91
2351,932,912.36
2352,932,916.16
2353,932,917.47
2354,932,895.46
2355,932,923.62
2356,932,922.35
2357,932,913.21
2358,932,896.07
2359,932,904.84
2360,932,888.18
2361,932,912.3
2362,932,920.04
2363,932,909.85
2364,932,913.23
2365,932,908.0
2366,932,920.81
2367,932,910.38
2368,932,907.1
2369,932,911.44
2370,932,915.85
2371,932,911.03
2372,932,919.84
2373,932,917.28
2374,932,910.03
2375,932,915.43
2376,932,902.86
2377,932,912.96
2378,932,921.01
2379,932,923.77
2380,932,919.92
2381,932,904.37
2382,932,912.94
2383,932,925.91
2384,932,905.01
2385,932,923.07
2386,932,914.21
2387,932,913.24
2388,932,909.96
2389,932,920.01
2390,932,911.04
2391,932,907.49
2392,932,923.99
2393,932,921.05
2394,932,912.5
2395,932,915.85
2396,932,905.51
2397,932,915.42
2398,932,914.46
2399,932,913.77
2400,932,914.57
2401,932,917.55
2402,932,919.84
2403,932,907.34
2404,932,911.37
2405,932,907.93
2406,932,908.79
2407,932,907.42
2408,932,909.33
2409,932,923.81
2410,932,911.86
2411,932,904.39
2412,932,916.52
2413,932,919.67
2414,932,925.57
2415,932,922.24
2416,932,920.56
2417,932,920.09
2418,932,910.24
2419,932,918.37
2420,932,913.33
2421,932,909.38
2422,932,909.68
2423,932,921.57
2424,932,915.48
2425,932,916.52
2426,932,903.48
2427,932,909.18
2428,932,911.38
2429,932,915.0
2430,932,915.32
2431,932,907.69
2432,932,911.26
2433,932,916.05
2434,932,912.71
2435,932,917.65
2436,932,908.3
2437,932,905.67
2438,932,919.52
2439,932,921.19
2440,932,912.87
2441,932,917.65
2442,932,905.17
2443,932,915.53
2444,932,921.14
2445,932,899.27
2446,932,921.48
2447,932,916.94
2448,932,918.78
2449,932,920.03
2450,932,910.73
2451,932,916.09
2452,932,914.0
2453,932,907.44
2454,932,909.31
2455,932,916.33
2456,932,909.54
2457,932,914.96
2458,932,911.52
2459,932,919.52
2460,932,910.52
2461,932,916.27
2462,932,897.93
2463,932,903.46
2464,932,899.68
2465,932,914.53
2466,932,899.94
2467,932,906.49
2468,932,914.33
2469,932,920.91
2470,932,916.05
2471,932,917.63
2472,932,916.72
2473,932,910.76
2474,932,908.58
2475,932,924.02
2476,932,926.16
2477,932,916.24
2478,932,916.0
2479,932,907.57
2480,932,924.47
2481,932,917.72
2482,932,916.03
2483,932,918.99
2484,932,915.06
2485,932,918.39
2486,932,916.18
2487,932,907.5
2488,932,924.11
2489,932,905.84
2490,932,917.65
2491,932,915.25
2492,932,919.81
2493,932,918.58
2494,932,911.88
2495,932,913.35
2496,932,906.44
2497,932,912.51
2498,932,909.79
2499,932,907.55
2500,932,910.16
2501,932,923.67
2502,932,905.94
2503,932,918.84
2504,932,913.95
2505,932,917.18
2506,932,914.62
2507,932,923.76
2508,932,911.27
2509,932,890.37
2510,932,911.27
2511,932,918.97
2512,932,921.12
2513,932,908.53
2514,932,890.59
2515,932,913.12
2516,932,916.06
2517,932,911.41
2518,932,911.75
2519,932,913.47
2520,932,912.34
2521,932,912.82
2522,932,905.02
2523,932,916.19
2524,932,918.39
2525,932,910.48
2526,932,911.11
2527,932,904.18
2528,932,916.45
2529,932,904.27
2530,932,921.0
2531,932,914.41
2532,932,919.59
2533,932,917.82
2534,932,908.77
2535,932,907.98
2536,932,919.44
2537,932,914.03
2538,932,912.93
2539,932,907.44
2540,932,907.23
2541,932,926.85
2542,932,917.34
2543,932,905.89
2544,932,903.02
2545,932,910.47
2546,932,917.53
2547,932,907.42
2548,932,909.8
2549,932,898.09
2550,932,912.9
2551,932,914.54
2552,932,914.99
2553,932,910.29
2554,932,920.87
2555,932,910.08
2556,932,913.93
2557,932,912.29
2558,932,915.43
2559,932,903.37
2560,932,918.53
2561,932,915.2
2562,932,916.18
2563,932,920.19
2564,932,908.5
2565,932,910.34
2566,932,920.51
2567,932,909.03
2568,932,923.72
2569,932,921.56
2570,932,916.67
2571,932,921.38
2572,932,918.06
2573,932,897.59
2574,932,917.76
2575,932,921.95
2576,932,914.76
2577,932,909.58
2578,932,912.87
2579,932,914.07
2580,932,907.61
2581,932,910.02
2582,932,912.81
2583,932,905.54
2584,932,901.58
2585,932,898.63
2586,932,908.19
2587,932,908.08
2588,932,915.08
2589,932,903.59
2590,932,909.24
2591,932,904.31
2592,932,916.52
2593,932,918.49
2594,932,907.22
2595,932,914.74
2596,932,908.82
2597,932,913.78
2598,932,907.05
2599,932,914.46
2600,932,920.81
2601,932,922.89
2602,932,915.02
2603,932,921.2
2604,932,919.31
2605,932,905.6
2606,932,923.7
2607,932,918.54
2608,932,916.58
2609,932,908.81
2610,932,915.02
2611,932,920.7
2612,932,920.02
2613,932,916.75
2614,932,918.75
2615,932,910.79
2616,932,919.99
2617,932,900.36
2618,932,915.27
2619,932,917.61
2620,932,915.12
2621,932,895.35
2622,932,895.5
2623,932,905.27
2624,932,919.9
2625,932,906.12
2626,932,918.79
2627,932,909.88
2628,932,896.22
2629,932,926.06
2630,932,915.94
2631,932,904.63
2632,932,915.62
2633,932,909.74
2634,932,911.25
2635,932,916.75
2636,932,913.35
2637,932,914.65
2638,932,912.96
2639,932,911.36
2640,932,915.68
2641,932,908.16
2642,932,897.1
2643,932,917.72
2644,932,921.46
2645,932,910.06
2646,932,916.93
2647,932,911.64
2648,932,913.86
2649,932,918.09
2650,932,903.77
2651,932,913.67
2652,932,910.79
2653,932,912.35
2654,932,911.81
2655,932,902.4
2656,932,898.26
2657,932,914.64
2658,932,904.95
2659,932,915.51
2660,932,913.4
2661,932,922.77
2662,932,918.93
2663,932,907.53
2664,932,921.09
2665,932,916.77
2666,932,908.91
2667,932,904.32
2668,932,910.33
2669,932,898.84
2670,932,907.98
2671,932,922.91
2672,932,917.67
2673,932,910.59
2674,932,910.29
2675,932,902.52
2676,932,908.48
2677,932,908.63
2678,932,901.93
2679,932,908.27
2680,932,920.5
2681,932,908.81
2682,932,918.45
2683,932,916.02
2684,932,921.76
2685,932,915.21
2686,932,911.39
2687,932,904.66
2688,932,922.78
2689,932,910.95
2690,932,918.79
2691,932,913.78
2692,932,913.71
2693,932,915.56
2694,932,922.9
2695,932,911.27
2696,932,920.66
2697,932,907.93
2698,932,902.63
2699,932,921.56
2700,932,908.98
2701,932,919.43
2702,932,923.26
2703,932,908.94
2704,932,917.87
2705,932,913.61
2706,932,922.12
2707,932,921.74
2708,932,909.19
2709,932,905.04
2710,932,910.04
2711,932,903.07
2712,932,925.11
2713,932,919.98
2714,932,920.87
2715,932,909.79
2716,932,905.96
2717,932,916.55
2718,932,921.71
2719,932,912.35
2720,932,914.55
2721,932,918.48
2722,932,917.15
2723,932,911.23
2724,932,917.56
2725,932,917.54
2726,932,900.16
2727,932,911.14
2728,932,908.22
2729,932,911.57
2730,932,918.9
2731,932,920.22
2732,932,911.79
2733,932,900.5
2734,932,919.69
2735,932,924.86
2736,932,912.23
2737,932,919.16
2738,932,904.99
2739,932,918.11
2740,932,920.78
2741,932,908.13
2742,932,921.4
2743,932,918.91
2744,932,925.03
2745,932,898.23
2746,932,918.07
2747,932,916.43
2748,932,920.27
2749,932,903.17
2750,932,920.91
2751,932,909.46
2752,932,903.14
2753,932,918.69
2754,932,917.73
2755,932,916.9
2756,932,909.59
2757,932,917.39
2758,932,911.92
2759,932,918.03
2760,932,921.1
2761,932,911.17
2762,932,920.59
2763,932,924.44
2764,932,918.31
2765,932,912.33
2766,932,911.28
2767,932,919.94
2768,932,910.98
2769,932,916.11
2770,932,917.37
2771,932,920.14
2772,932,907.62
2773,932,921.39
2774,932,910.52
2775,932,922.35
2776,932,909.73
2777,932,910.37
2778,932,905.67
2779,932,897.66
2780,932,920.35
2781,932,906.35
2782,932,910.55
2783,932,910.83
2784,932,910.2
2785,932,911.28
2786,932,910.42
2787,932,917.88
2788,932,909.45
2789,932,900.88
2790,932,903.4
2791,932,913.25
2792,932,896.17
2793,932,913.42
2794,932,919.99
2795,932,917.91
2796,932,914.91
2797,932,907.72
2798,932,917.94
2799,932,919.59
2800,932,915.77
2801,932,925.83
2802,932,913.99
2803,932,913.64
2804,932,910.03
2805,932,914.4
2806,932,925.69
2807,932,906.37
2808,932,910.94
2809,932,925.83
2810,932,908.24
2811,932,905.35
2812,932,916.12
2813,932,917.66
2814,932,908.37
2815,932,912.2
2816,932,920.22
2817,932,901.33
2818,932,908.23
2819,932,895.87
2820,932,913.9
2821,932,919.11
2822,932,917.42
2823,932,916.19
2824,932,909.09
2825,932,896.42
2826,932,902.07
2827,932,899.41
2828,932,908.1
2829,932,918.05
2830,932,918.81
2831,932,912.41
2832,932,913.25
2833,932,913.51
2834,932,912.66
2835,932,918.79
2836,932,921.41
2837,932,921.59
2838,932,922.56
2839,932,919.64
2840,932,906.46
2841,932,907.01
2842,932,920.93
2843,932,902.7
2844,932,918.42
2845,932,909.04
2846,932,912.5
2847,932,912.84
2848,932,921.97
2849,932,915.87
2850,932,905.07
2851,932,917.0
2852,932,911.73
2853,932,919.44
2854,932,911.28
2855,932,916.95
2856,932,909.62
2857,932,913.58
2858,932,911.93
2859,932,916.12
2860,932,918.09
2861,932,913.79
2862,932,906.63
2863,932,916.47
2864,932,911.61
2865,932,927.38
2866,932,919.61
2867,932,908.97
2868,932,904.98
2869,932,914.83
2870,932,913.59
2871,932,910.37
2872,932,909.06
2873,932,904.66
2874,932,908.18
2875,932,903.4
2876,932,895.41
2877,932,914.42
2878,932,909.13
2879,932,905.17
2880,932,912.33
2881,932,892.51
2882,932,904.73
2883,932,919.1
2884,932,918.7
2885,932,911.29
2886,932,917.42
2887,932,905.71
2888,932,913.77
2889,932,918.39
2890,932,919.45
2891,932,916.24
2892,932,920.52
2893,932,902.02
2894,932,911.55
2895,932,915.62
2896,932,920.97
2897,932,915.15
2898,932,919.65
2899,932,913.48
2900,932,920.06
2901,932,913.29
2902,932,907.14
2903,932,912.16
2904,932,920.21
2905,932,911.88
2906,932,902.35
2907,932,900.35
2908,932,921.74
2909,932,923.54
2910,932,911.37
2911,932,900.14
2912,932,910.94
2913,932,923.31
2914,932,912.95
2915,932,919.77
2916,932,924.29
2917,932,915.47
2918,932,921.1
2919,932,920.39
2920,932,902.78
2921,932,923.63
2922,932,908.5
2923,932,909.3
2924,932,915.33
2925,932,916.32
2926,932,920.07
2927,932,918.0
2928,932,920.02
2929,932,917.57
2930,932,906.97
2931,932,909.59
2932,932,919.79
2933,932,914.46
2934,932,912.95
2935,932,907.22
2936,932,908.76
2937,932,918.1
2938,932,913.35
2939,932,919.04
2940,932,918.39
2941,932,913.33
2942,932,917.32
2943,932,916.51
2944,932,903.04
2945,932,906.55
2946,932,917.22
2947,932,920.82
2948,932,914.44
2949,932,906.05
2950,932,917.78
2951,932,915.2
2952,932,909.84
2953,932,916.63
2954,932,916.63
2955,932,921.33
2956,932,919.33
2957,932,921.32
2958,932,922.09
2959,932,924.78
2960,932,911.65
2961,932,891.65
2962,932,912.74
2963,932,906.92
2964,932,900.76
2965,932,899.8
2966,932,916.69
2967,932,909.49
2968,932,907.15
2969,932,906.73
2970,932,915.6
2971,932,913.9
2972,932,916.95
2973,932,918.81
2974,932,902.05
2975,932,918.02
2976,932,912.17
2977,932,914.62
2978,932,914.97
2979,932,916.2
2980,932,918.69
2981,932,908.59
2982,932,915.42
2983,932,923.18
2984,932,896.65
2985,932,914.66
2986,932,923.48
2987,932,911.59
2988,932,910.96
2989,932,910.09
2990,932,916.32
2991,932,915.28
2992,932,918.1
2993,932,914.74
2994,932,905.32
2995,932,908.89
2996,932,916.31
2997,932,918.38
2998,932,900.48
2999,932,910.01
3000,932,916.27
3001,932,904.42
3002,932,921.0
3003,932,903.23
3004,932,919.79
3005,932,920.24
3006,932,918.16
3007,932,892.22
3008,932,916.33
3009,932,921.37
3010,932,911.2
3011,932,897.67
3012,932,914.86
3013,932,915.87
3014,932,913.01
3015,932,905.88
3016,932,916.59
3017,932,904.12
3018,932,925.31
3019,932,913.98
3020,932,917.06
3021,932,913.62
3022,932,894.95
3023,932,905.45
3024,932,920.81
3025,932,912.09
3026,932,920.09
3027,932,906.3
3028,932,919.37
3029,932,914.77
3030,932,923.07
3031,932,920.47
3032,932,913.35
3033,932,913.84
3034,932,919.17
3035,932,922.16
3036,932,920.39
3037,932,918.62
3038,932,917.7
3039,932,915.22
3040,932,917.0
3041,932,915.85
3042,932,908.1
3043,932,921.73
3044,932,915.25
3045,932,907.65
3046,932,922.54
3047,932,903.5
3048,932,905.81
3049,932,909.44
3050,932,921.64
3051,932,918.61
3052,932,913.29
3053,932,923.88
3054,932,917.29
3055,932,918.74
3056,932,906.19
3057,932,899.42
3058,932,911.84
3059,932,914.45
3060,932,910.21
3061,932,922.08
3062,932,907.33
3063,932,909.08
3064,932,911.13
3065,932,912.78
3066,932,912.41
3067,932,911.38
3068,932,906.16
3069,932,910.66
3070,932,908.24
3071,932,900.53
3072,932,908.39
3073,932,916.79
3074,932,916.08
3075,932,914.23
3076,932,906.89
3077,932,911.66
3078,932,913.58
3079,932,902.23
3080,932,908.51
3081,932,910.56
3082,932,907.77
3083,932,924.88
3084,932,914.82
3085,932,910.65
3086,932,915.0
3087,932,902.48
3088,932,917.97
3089,932,917.9
3090,932,919.47
3091,932,905.99
3092,932,908.26
3093,932,908.97
3094,932,900.94
3095,932,912.82
3096,932,911.85
3097,932,922.24
3098,932,908.72
3099,932,918.97
3100,932,906.39
3101,932,910.96
3102,932,914.33
3103,932,914.64
3104,932,916.28
3105,932,910.91
3106,932,922.21
3107,932,920.62
3108,932,905.35
3109,932,913.9
3110,932,918.31
3111,932,910.28
3112,932,912.8
3113,932,907.17
3114,932,906.99
3115,932,914.23
3116,932,915.82
3117,932,903.9
3118,932,900.87
3119,932,915.72
3120,932,922.96
3121,932,910.13
3122,932,912.37
3123,932,911.65
3124,932,906.78
3125,932,922.93
3126,932,917.55
3127,932,914.6
3128,932,897.89
3129,932,902.71
3130,932,914.35
3131,932,906.33
3132,932,912.33
3133,932,900.69
3134,932,915.72
3135,932,914.92
3136,932,909.35
3137,932,915.2
3138,932,903.91
3139,932,921.11
3140,932,913.17
3141,932,914.62
3142,932,912.86
3143,932,912.56
3144,932,917.62
3145,932,898.68
3146,932,913.23
3147,932,915.5
3148,932,910.42
3149,932,916.94
3150,932,922.51
3151,932,911.89
3152,932,908.28
3153,932,908.3
3154,932,919.78
3155,932,911.21
3156,932,907.82
3157,932,916.57
3158,932,901.71
3159,932,916.82
3160,932,914.47
3161,932,916.86
3162,932,922.54
3163,932,905.2
3164,932,909.31
3165,932,918.94
3166,932,913.28
3167,932,914.52
3168,932,901.99
3169,932,911.2
3170,932,902.99
3171,932,908.22
3172,932,918.91
3173,932,898.86
3174,932,900.35
3175,932,921.44
3176,932,918.94
3177,932,916.29
3178,932,903.34
3179,932,920.0
3180,932,911.15
3181,932,921.44
3182,932,911.53
3183,932,912.11
3184,932,915.85
3185,932,919.13
3186,932,899.48
3187,932,905.87
3188,932,914.48
3189,932,912.48
3190,932,908.69
3191,932,913.56
3192,932,910.76
3193,932,896.74
3194,932,915.1
3195,932,907.41
3196,932,923.56
3197,932,903.77
3198,932,919.39
3199,932,922.42
3200,932,912.24
3201,932,911.22
3202,932,901.17
3203,932,912.49
3204,932,916.47
3205,932,921.69
3206,932,911.46
3207,932,911.44
3208,932,915.57
3209,932,908.76
3210,932,910.7
3211,932,913.4
3212,932,906.23
3213,932,920.87
3214,932,915.65
3215,932,911.3
3216,932,916.95
3217,932,914.94
3218,932,921.69
3219,932,921.04
3220,932,916.18
3221,932,922.86
3222,932,909.7
3223,932,917.7
3224,932,911.82
3225,932,918.42
3226,932,906.04
3227,932,918.33
3228,932,923.54
3229,932,904.9
3230,932,915.27
3231,932,915.57
3232,932,908.38
3233,932,920.22
3234,932,921.48
3235,932,916.94
3236,932,917.04
3237,932,912.13
3238,932,910.46
3239,932,912.97
3240,932,910.24
3241,932,913.32
3242,932,909.46
3243,932,913.36
3244,932,904.84
3245,932,907.88
3246,932,911.41
3247,932,920.17
3248,932,915.5
3249,932,920.29
3250,932,916.13
3251,932,914.85
3252,932,919.22
3253,932,900.7
3254,932,920.37
3255,932,899.99
3256,932,913.72
3257,932,906.22
3258,932,912.06
3259,932,910.21
3260,932,919.36
3261,932,915.82
3262,932,911.1
3263,932,914.39
3264,932,894.12
3265,932,917.85
3266,932,906.25
3267,932,921.56
3268,932,913.46
3269,932,908.35
3270,932,921.24
3271,932,924.22
3272,932,912.11
3273,932,924.84
3274,932,918.22
3275,932,919.85
3276,932,922.23
3277,932,915.38
3278,932,921.99
3279,932,908.08
3280,932,919.47
3281,932,913.5
3282,932,919.97
3283,932,916.75
3284,932,914.35
3285,932,918.76
3286,932,901.25
3287,932,908.53
3288,932,918.23
3289,932,920.99
3290,932,917.87
3291,932,916.68
3292,932,916.25
3293,932,914.03
3294,932,922.57
3295,932,904.45
3296,932,914.25
3297,932,912.56
3298,932,907.28
3299,932,914.52
3300,932,926.86
3301,932,905.85
3302,932,902.2
3303,932,910.61
3304,932,903.88
3305,932,912.01
3306,932,913.37
3307,932,907.46
3308,932,911.14
3309,932,909.17
3310,932,907.96
3311,932,910.27
3312,932,900.79
3313,932,913.19
3314,932,912.62
3315,932,898.91
3316,932,911.69
3317,932,910.08
3318,932,907.99
3319,932,918.86
3320,932,912.15
3321,932,906.91
3322,932,917.49
3323,932,918.34
3324,932,921.3
3325,932,914.36
3326,932,912.18
3327,932,911.35
3328,932,898.38
3329,932,914.47
3330,932,911.3
3331,932,902.38
3332,932,920.4
3333,932,929.15
3334,932,914.18
3335,932,914.48
3336,932,906.09
3337,932,919.46
3338,932,920.85
3339,932,911.54
3340,932,898.56
3341,932,920.87
3342,932,914.0
3343,932,915.11
3344,932,907.95
3345,932,918.7
3346,932,921.93
3347,932,911.6
3348,932,908.62
3349,932,915.92
3350,932,923.01
3351,932,898.63
3352,932,911.42
3353,932,913.45
3354,932,912.82
3355,932,914.64
3356,932,914.22
3357,932,910.95
3358,932,911.28
3359,932,900.4
3360,932,914.03
3361,932,917.86
3362,932,901.99
3363,932,898.17
3364,932,907.51
3365,932,896.52
3366,932,918.65
3367,932,923.45
3368,932,915.07
3369,932,902.64
3370,932,906.72
3371,932,925.56
3372,932,913.66
3373,932,912.15
3374,932,925.32
3375,932,902.49
3376,932,915.47
3377,932,917.59
3378,932,906.6
3379,932,913.17
3380,932,901.69
3381,932,916.25
3382,932,909.88
3383,932,909.88
3384,932,911.98
3385,932,915.97
3386,932,899.22
3387,932,915.8
3388,932,914.4
3389,932,913.73
3390,932,914.0
3391,932,912.15
3392,932,912.37
3393,932,919.52
3394,932,913.52
3395,932,920.02
3396,932,915.97
3397,932,919.82
3398,932,922.18
3399,932,904.0
3400,932,907.65
3401,932,922.94
3402,932,914.55
3403,932,922.84
3404,932,912.06
3405,932,905.09
3406,932,914.88
3407,932,923.89
3408,932,911.38
3409,932,911.58
3410,932,895.84
3411,932,919.92
3412,932,914.96
3413,932,913.05
3414,932,901.63
3415,932,916.4
3416,932,919.06
3417,932,912.72
3418,932,908.68
3419,932,914.55
3420,932,914.67
3421,932,918.22
3422,932,902.23
3423,932,913.34
3424,932,916.49
3425,932,910.93
3426,932,916.53
3427,932,909.9
3428,932,919.17
3429,932,903.38
3430,932,898.66
3431,932,911.41
3432,932,918.1
3433,932,921.12
3434,932,901.43
3435,932,898.36
3436,932,912.74
3437,932,923.04
3438,932,905.42
3439,932,919.07
3440,932,923.01
3441,932,916.63
3442,932,910.64
3443,932,914.17
3444,932,923.87
3445,932,921.61
3446,932,922.24
3447,932,917.74
3448,932,903.03
3449,932,914.25
3450,932,904.06
3451,932,918.22
3452,932,929.9
3453,932,920.53
3454,932,909.86
3455,932,912.62
3456,932,916.8
3457,932,903.48
3458,932,904.39
3459,932,902.36
3460,932,907.06
3461,932,908.34
3462,932,924.84
3463,932,913.65
3464,932,903.7
3465,932,907.42
3466,932,898.86
3467,932,905.55
3468,932,920.03
3469,932,918.0
3470,932,923.54
3471,932,903.38
3472,932,909.47
3473,932,905.68
3474,932,910.3
3475,932,913.33
3476,932,913.91
3477,932,903.96
3478,932,910.7
3479,932,906.13
3480,932,901.11
3481,932,906.05
3482,932,909.27
3483,932,914.33
3484,932,915.65
3485,932,916.36
3486,932,926.26
3487,932,898.07
3488,932,920.49
3489,932,918.2
3490,932,911.74
3491,932,912.38
3492,932,909.72
3493,932,877.65
3494,932,923.41
3495,932,902.71
3496,932,917.28
3497,932,914.9
3498,932,921.85
3499,932,913.69
3500,932,914.02
3501,932,920.39
3502,932,918.07
3503,932,927.13
3504,932,920.62
3505,932,901.23
3506,932,906.81
3507,932,908.19
3508,932,910.36
3509,932,922.15
3510,932,920.28
3511,932,914.01
3512,932,914.56
3513,932,912.7
3514,932,909.56
3515,932,911.85
3516,932,903.66
3517,932,914.35
3518,932,893.42
3519,932,909.97
3520,932,912.88
3521,932,912.63
3522,932,920.71
3523,932,911.15
3524,932,910.02
3525,932,923.54
3526,932,910.03
3527,932,897.28
3528,932,916.34
3529,932,911.34
3530,932,916.92
3531,932,917.62
3532,932,898.45
3533,932,901.16
3534,932,925.04
3535,932,900.35
3536,932,911.25
3537,932,918.24
3538,932,923.16
3539,932,906.5
3540,932,905.47
3541,932,922.93
3542,932,906.38
3543,932,909.06
3544,932,912.47
3545,932,908.67
3546,932,918.77
3547,932,911.98
3548,932,924.73
3549,932,903.89
3550,932,920.67
3551,932,910.82
3552,932,917.92
3553,932,907.11
3554,932,904.11
3555,932,916.38
3556,932,920.09
3557,932,909.51
3558,932,915.38
3559,932,923.39
3560,932,914.63
3561,932,915.41
3562,932,915.92
3563,932,920.41
3564,932,917.35
3565,932,907.32
3566,932,912.19
3567,932,921.8
3568,932,910.78
3569,932,910.38
3570,932,905.99
3571,932,909.64
3572,932,910.71
3573,932,913.05
3574,932,923.49
3575,932,918.04
3576,932,912.99
3577,932,903.49
3578,932,906.88
3579,932,919.13
3580,932,905.42
3581,932,909.44
3582,932,916.6
3583,932,913.28
3584,932,922.49
3585,932,909.59
3586,932,914.6
3587,932,917.62
3588,932,913.39
3589,932,912.41
3590,932,921.07
3591,932,912.2
3592,932,917.09
3593,932,897.53
3594,932,909.27
3595,932,919.62
3596,932,905.41
3597,932,896.57
3598,932,914.63
3599,932,919.14
3600,932,913.18
3601,932,920.36
3602,932,911.2
3603,932,918.66
3604,932,913.47
3605,932,907.89
3606,932,910.92
3607,932,915.32
3608,932,904.53
3609,932,918.11
3610,932,917.9
3611,932,919.5
3612,932,911.96
3613,932,912.25
3614,932,916.63
3615,932,903.29
3616,932,918.94
3617,932,913.8
3618,932,914.98
3619,932,899.31
3620,932,907.74
3621,932,915.75
3622,932,918.46
3623,932,916.83
3624,932,918.48
3625,932,919.48
3626,932,911.21
3627,932,915.04
3628,932,909.82
3629,932,911.08
3630,932,926.86
3631,932,913.62
3632,932,912.27
3633,932,910.5
3634,932,911.1
3635,932,909.76
3636,932,906.81
3637,932,916.83
3638,932,900.46
3639,932,913.28
3640,932,915.42
3641,932,909.43
3642,932,919.65
3643,932,913.21
3644,932,917.12
3645,932,914.9
3646,932,908.21
3647,932,903.07
3648,932,910.41
3649,932,908.4
3650,932,924.16
3651,932,919.42
3652,932,902.26
3653,932,922.5
3654,932,916.18
3655,932,922.43
3656,932,921.77
3657,932,907.2
3658,932,909.77
3659,932,901.59
3660,932,920.01
3661,932,915.72
3662,932,920.32
3663,932,904.57
3664,932,915.6
3665,932,906.78
3666,932,912.53
3667,932,911.96
3668,932,910.01
3669,932,896.1
3670,932,907.81
3671,932,917.65
3672,932,917.5
3673,932,916.41
3674,932,914.37
3675,932,904.18
3676,932,901.22
3677,932,919.94
3678,932,922.8
3679,932,915.75
3680,932,913.86
3681,932,914.08
3682,932,923.82
3683,932,926.4
3684,932,908.76
3685,932,908.74
3686,932,906.13
3687,932,916.43
3688,932,911.35
3689,932,908.31
3690,932,913.22
3691,932,917.41
3692,932,904.99
3693,932,926.83
3694,932,910.17
3695,932,913.42
3696,932,914.25
3697,932,922.56
3698,932,922.07
3699,932,912.39
3700,932,916.12
3701,932,907.13
3702,932,924.81
3703,932,925.01
3704,932,899.44
3705,932,915.2
3706,932,905.56
3707,932,908.61
3708,932,922.61
3709,932,907.83
3710,932,912.89
3711,932,905.11
3712,932,909.76
3713,932,913.77
3714,932,911.01
3715,932,908.22
3716,932,916.75
3717,932,914.6
3718,932,909.94
3719,932,911.12
3720,932,913.94
3721,932,921.61
3722,932,925.51
3723,932,919.35
3724,932,912.66
3725,932,909.23
3726,932,911.01
3727,932,924.58
3728,932,916.03
3729,932,899.09
3730,932,914.47
3731,932,909.36
3732,932,917.58
3733,932,899.8
3734,932,916.22
3735,932,913.67
3736,932,916.07
3737,932,899.04
3738,932,908.74
3739,932,903.35
3740,932,912.69
3741,932,920.89
3742,932,915.37
3743,932,910.36
3744,932,905.69
3745,932,890.22
3746,932,912.93
3747,932,919.28
3748,932,906.56
3749,932,913.46
3750,932,918.7
3751,932,916.95
3752,932,911.44
3753,932,911.48
3754,932,917.5
3755,932,910.17
3756,932,922.68
3757,932,921.74
3758,932,895.62
3759,932,911.1
3760,932,914.66
3761,932,907.06
3762,932,903.7
3763,932,911.73
3764,932,926.05
3765,932,907.21
3766,932,924.53
3767,932,921.87
3768,932,926.71
3769,932,916.03
3770,932,917.59
3771,932,912.95
3772,932,918.08
3773,932,910.11
3774,932,913.9
3775,932,906.1
3776,932,914.48
3777,932,912.78
3778,932,910.64
3779,932,926.11
3780,932,924.66
3781,932,929.58
3782,932,894.28
3783,932,913.04
3784,932,913.65
3785,932,917.15
3786,932,919.64
3787,932,919.07
3788,932,920.3
3789,932,909.43
3790,932,916.17
3791,932,916.22
3792,932,909.08
3793,932,920.04
3794,932,917.28
3795,932,919.71
3796,932,909.55
3797,932,922.16
3798,932,895.51
3799,932,914.99
3800,932,925.86
3801,932,918.3
3802,932,918.05
3803,932,912.75
3804,932,922.01
3805,932,910.15
3806,932,916.23
3807,932,915.98
3808,932,917.95
3809,932,911.11
3810,932,917.45
3811,932,906.52
3812,932,913.05
3813,932,914.02
3814,932,921.54
3815,932,921.29
3816,932,906.22
3817,932,922.11
3818,932,911.41
3819,932,910.46
3820,932,911.11
3821,932,911.5
3822,932,908.94
3823,932,911.95
3824,932,909.1
3825,932,913.03
3826,932,912.67
3827,932,904.83
3828,932,911.91
3829,932,901.43
3830,932,919.06
3831,932,911.46
3832,932,917.63
3833,932,918.66
3834,932,912.02
3835,932,922.51
3836,932,917.2
3837,932,921.97
3838,932,914.97
3839,932,914.92
3840,932,907.83
3841,932,911.05
3842,932,900.66
3843,932,899.94
3844,932,910.29
3845,932,921.15
3846,932,917.65
3847,932,918.57
3848,932,926.83
3849,932,909.59
3850,932,915.09
3851,932,920.71
3852,932,913.26
3853,932,920.05
3854,932,910.25
3855,932,924.16
3856,932,913.89
3857,932,918.33
3858,932,913.05
3859,932,924.39
3860,932,907.54
3861,932,915.31
3862,932,903.7
3863,932,915.3
3864,932,915.85
3865,932,905.96
3866,932,906.37
3867,932,902.84
3868,932,919.64
3869,932,906.96
3870,932,914.61
3871,932,907.49
3872,932,916.41
3873,932,917.13
3874,932,920.79
3875,932,906.13
3876,932,920.34
3877,932,926.03
3878,932,915.82
3879,932,925.48
3880,932,912.37
3881,932,907.93
3882,932,912.03
3883,932,903.97
3884,932,908.23
3885,932,917.84
3886,932,891.74
3887,932,912.96
3888,932,915.02
3889,932,911.77
3890,932,895.9
3891,932,909.8
3892,932,914.99
3893,932,923.84
3894,932,919.71
3895,932,922.54
3896,932,913.46
3897,932,917.49
3898,932,914.63
3899,932,922.51
3900,932,895.98
3901,932,920.7
3902,932,916.1
3903,932,906.86
3904,932,903.84
3905,932,916.16
3906,932,911.29
3907,932,897.05
3908,932,910.43
3909,932,916.47
3910,932,920.05
3911,932,919.5
3912,932,911.33
3913,932,912.46
3914,932,917.61
3915,932,915.5
3916,932,912.7
3917,932,917.73
3918,932,918.8
3919,932,919.73
3920,932,913.78
3921,932,911.69
3922,932,922.3
3923,932,909.46
3924,932,894.96
3925,932,898.68
3926,932,906.07
3927,932,917.4
3928,932,904.71
3929,932,911.62
3930,932,915.45
3931,932,912.05
3932,932,921.78
3933,932,900.07
3934,932,908.66
3935,932,915.33
3936,932,894.48
3937,932,906.94
3938,932,918.22
3939,932,899.76
3940,932,909.89
3941,932,912.48
3942,932,912.35
3943,932,926.38
3944,932,909.15
3945,932,919.79
3946,932,905.76
3947,932,911.05
3948,932,906.74
3949,932,901.66
3950,932,918.15
3951,932,904.41
3952,932,902.92
3953,932,907.34
3954,932,919.38
3955,932,919.02
3956,932,906.25
3957,932,897.74
3958,932,919.17
3959,932,907.64
3960,932,904.32
3961,932,906.38
3962,932,914.55
3963,932,913.74
3964,932,912.95
3965,932,911.45
3966,932,914.59
3967,932,918.87
3968,932,916.96
3969,932,900.7
3970,932,901.98
3971,932,904.11
3972,932,920.43
3973,932,916.2
3974,932,894.18
3975,932,892.46
3976,932,913.17
3977,932,907.81
3978,932,902.29
3979,932,920.35
3980,932,915.6
3981,932,913.45
3982,932,908.09
3983,932,924.11
3984,932,919.47
3985,932,903.4
3986,932,922.17
3987,932,890.84
3988,932,920.16
3989,932,911.55
3990,932,909.22
3991,932,921.54
3992,932,912.23
3993,932,901.35
3994,932,915.92
3995,932,905.41
3996,932,903.62
3997,932,914.71
3998,932,906.39
3999,932,917.58
4000,932,919.24
4001,932,917.42
4002,932,901.5
4003,932,915.54
4004,932,918.06
4005,932,921.44
4006,932,919.62
4007,932,903.1
4008,932,912.85
4009,932,916.55
4010,932,900.22
4011,932,906.22
4012,932,919.38
4013,932,922.55
4014,932,907.41
4015,932,909.89
4016,932,912.16
4017,932,912.55
4018,932,908.86
4019,932,909.8
4020,932,912.08
4021,932,906.72
4022,932,909.76
4023,932,913.28
4024,932,912.51
4025,932,919.97
4026,932,920.4
4027,932,917.42
4028,932,901.42
4029,932,892.62
4030,932,917.78
4031,932,918.5
4032,932,919.19
4033,932,907.55
4034,932,914.45
4035,932,909.67
4036,932,920.59
4037,932,914.1
4038,932,908.81
4039,932,915.18
4040,932,908.51
4041,932,920.22
4042,932,921.17
4043,932,921.39
4044,932,908.66
4045,932,916.42
4046,932,918.0
4047,932,926.01
4048,932,919.77
4049,932,916.53
4050,932,914.26
4051,932,909.49
4052,932,906.85
4053,932,910.72
4054,932,910.88
4055,932,912.79
4056,932,912.56
4057,932,906.69
4058,932,915.52
4059,932,916.72
4060,932,906.87
4061,932,913.55
4062,932,914.58
4063,932,913.5
4064,932,919.73
4065,932,907.17
4066,932,907.12
4067,932,918.19
4068,932,925.53
4069,932,923.21
4070,932,922.26
4071,932,911.19
4072,932,915.48
4073,932,909.61
4074,932,894.4
4075,932,899.66
4076,932,911.73
4077,932,924.13
4078,932,901.76
4079,932,923.06
4080,932,922.44
4081,932,917.3
4082,932,922.66
4083,932,902.07
4084,932,912.42
4085,932,918.12
4086,932,913.19
4087,932,922.13
4088,932,913.76
4089,932,895.34
4090,932,925.01
4091,932,907.26
4092,932,907.89
4093,932,888.42
4094,932,921.03
4095,932,908.57
4096,932,908.34
4097,932,917.3
4098,932,906.02
4099,932,914.88
4100,932,905.95
4101,932,904.93
4102,932,909.14
4103,932,919.82
4104,932,906.1
4105,932,920.92
4106,932,915.14
4107,932,919.35
4108,932,902.73
4109,932,912.09
4110,932,914.15
4111,932,915.25
4112,932,917.85
4113,932,905.28
4114,932,907.74
4115,932,913.04
4116,932,913.92
4117,932,919.86
4118,932,907.25
4119,932,918.47
4120,932,926.58
4121,932,911.51
4122,932,917.12
4123,932,921.29
4124,932,913.96
4125,932,910.21
4126,932,904.76
4127,932,908.6
4128,932,912.47
4129,932,911.42
4130,932,900.44
4131,932,911.84
4132,932,907.43
4133,932,914.25
4134,932,910.9
4135,932,908.34
4136,932,919.64
4137,932,912.76
4138,932,911.58
4139,932,913.01
4140,932,913.15
4141,932,916.59
4142,932,914.15
4143,932,909.41
4144,932,914.42
4145,932,909.24
4146,932,918.34
4147,932,918.4
4148,932,886.81
4149,932,921.64
4150,932,914.92
4151,932,919.04
4152,932,925.79
4153,932,911.26
4154,932,906.65
4155,932,910.8
4156,932,914.47
4157,932,909.59
4158,932,911.28
4159,932,921.29
4160,932,922.25
4161,932,910.57
4162,932,909.02
4163,932,906.52
4164,932,913.27
4165,932,909.55
4166,932,924.26
4167,932,918.56
4168,932,920.61
4169,932,905.46
4170,932,912.57
4171,932,906.79
4172,932,914.03
4173,932,919.32
4174,932,920.58
4175,932,925.96
4176,932,913.7
4177,932,914.39
4178,932,925.51
4179,932,913.31
4180,932,922.79
4181,932,903.45
4182,932,916.59
4183,932,925.94
4184,932,913.69
4185,932,916.51
4186,932,906.85
4187,932,919.84
4188,932,902.78
4189,932,907.85
4190,932,903.63
4191,932,919.47
4192,932,910.07
4193,932,925.53
4194,932,904.43
4195,932,921.22
4196,932,917.85
4197,932,914.51
4198,932,916.36
4199,932,897.08
4200,932,922.61
4201,932,917.64
4202,932,926.94
4203,932,911.05
4204,932,911.64
4205,932,903.31
4206,932,910.93
4207,932,917.05
4208,932,906.56
4209,932,923.14
4210,932,914.68
4211,932,919.73
4212,932,916.96
4213,932,913.02
4214,932,894.61
4215,932,909.94
4216,932,917.22
4217,932,914.99
4218,932,922.82
4219,932,910.35
4220,932,923.05
4221,932,912.02
4222,932,920.65
4223,932,924.38
4224,932,922.49
4225,932,915.77
4226,932,908.99
4227,932,912.82
4228,932,921.04
4229,932,914.04
4230,932,899.03
4231,932,917.44
4232,932,917.33
4233,932,907.84
4234,932,908.19
4235,932,908.1
4236,932,910.83
4237,932,920.3
4238,932,913.91
4239,932,907.1
4240,932,898.04
4241,932,916.6
4242,932,909.78
4243,932,911.62
4244,932,917.1
4245,932,902.83
4246,932,920.66
4247,932,919.51
4248,932,904.11
4249,932,910.04
4250,932,906.11
4251,932,903.19
4252,932,907.54
4253,932,917.32
4254,932,909.92
4255,932,903.95
4256,932,921.39
4257,932,923.52
4258,932,910.03
4259,932,908.88
4260,932,920.8
4261,932,908.9
4262,932,911.4
4263,932,912.65
4264,932,915.5
4265,932,923.46
4266,932,914.85
4267,932,902.41
4268,932,912.41
4269,932,910.66
4270,932,913.48
4271,932,912.13
4272,932,912.98
4273,932,905.56
4274,932,911.81
4275,932,916.44
4276,932,905.06
4277,932,904.31
4278,932,914.45
4279,932,912.78
4280,932,908.43
4281,932,916.67
4282,932,903.66
4283,932,913.94
4284,932,920.37
4285,932,920.02
4286,932,912.98
4287,932,908.59
4288,932,915.81
4289,932,909.54
4290,932,910.37
4291,932,909.18
4292,932,914.35
4293,932,883.93
4294,932,891.11
4295,932,913.02
4296,932,905.73
4297,932,911.09
4298,932,908.5
4299,932,915.19
4300,932,920.62
4301,932,914.89
4302,932,921.34
4303,932,917.1
4304,932,915.65
4305,932,915.3
4306,932,912.3
4307,932,914.12
4308,932,904.03
4309,932,914.44
4310,932,898.23
4311,932,904.2
4312,932,926.53
4313,932,921.13
4314,932,917.85
4315,932,920.98
4316,932,905.33
4317,932,921.71
4318,932,897.56
4319,932,911.69
4320,932,911.14
4321,932,914.2
4322,932,901.13
4323,932,907.52
4324,932,913.4
4325,932,923.44
4326,932,909.71
4327,932,904.01
4328,932,915.84
4329,932,921.81
4330,932,905.18
4331,932,918.02
4332,932,910.46
4333,932,915.52
4334,932,902.66
4335,932,909.95
4336,932,918.36
4337,932,919.67
4338,932,917.34
4339,932,904.05
4340,932,900.41
4341,932,906.3
4342,932,900.77
4343,932,921.66
4344,932,922.84
4345,932,913.88
4346,932,912.43
4347,932,892.48
4348,932,923.67
4349,932,912.7
4350,932,920.18
4351,932,902.41
4352,932,914.78
4353,932,915.17
4354,932,914.14
4355,932,899.2
4356,932,909.56
4357,932,914.21
4358,932,922.62
4359,932,916.38
4360,932,898.57
4361,932,905.51
4362,932,917.58
4363,932,908.1
4364,932,912.98
4365,932,925.53
4366,932,912.73
4367,932,917.65
4368,932,912.19
4369,932,901.46
4370,932,905.36
4371,932,910.97
4372,932,911.09
4373,932,905.04
4374,932,914.2
4375,932,904.31
4376,932,914.33
4377,932,913.82
4378,932,916.42
4379,932,908.59
4380,932,921.52
4381,932,907.55
4382,932,916.1
4383,932,917.37
4384,932,921.38
4385,932,903.5
4386,932,906.32
4387,932,913.87
4388,932,907.94
4389,932,902.22
4390,932,922.08
4391,932,915.65
4392,932,912.02
4393,932,921.36
4394,932,913.97
4395,932,916.57
4396,932,918.75
4397,932,920.92
4398,932,915.91
4399,932,916.13
4400,932,918.14
4401,932,903.82
4402,932,922.39
4403,932,919.44
4404,932,918.58
4405,932,907.03
4406,932,901.96
4407,932,913.68
4408,932,910.51
4409,932,901.19
4410,932,915.88
4411,932,919.95
4412,932,902.18
4413,932,922.23
4414,932,915.05
4415,932,918.07
4416,932,905.76
4417,932,912.02
4418,932,928.18
4419,932,912.1
4420,932,919.35
4421,932,906.41
4422,932,910.67
4423,932,913.9
4424,932,920.36
4425,932,913.02
4426,932,895.36
4427,932,910.68
4428,932,913.5
4429,932,918.4
4430,932,919.42
4431,932,919.44
4432,932,911.72
4433,932,915.22
4434,932,914.43
4435,932,917.99
4436,932,917.58
4437,932,895.01
4438,932,916.97
4439,932,907.08
4440,932,912.7
4441,932,899.69
4442,932,906.97
4443,932,922.47
4444,932,896.74
4445,932,913.97
4446,932,898.77
4447,932,915.74
4448,932,902.89
4449,932,913.43
4450,932,906.74
4451,932,908.16
4452,932,904.0
4453,932,910.31
4454,932,915.7
4455,932,908.69
4456,932,921.2
4457,932,910.48
4458,932,916.97
4459,932,905.25
4460,932,915.92
4461,932,918.66
4462,932,912.3
4463,932,923.56
4464,932,917.37
4465,932,893.45
4466,932,920.07
4467,932,919.8
4468,932,913.31
4469,932,914.13
4470,932,898.87
4471,932,911.66
4472,932,901.04
4473,932,921.87
4474,932,917.79
4475,932,913.81
4476,932,902.54
4477,932,910.64
4478,932,913.7
4479,932,918.34
4480,932,921.77
4481,932,919.95
4482,932,911.1
4483,932,919.54
4484,932,915.47
4485,932,914.34
4486,932,918.13
4487,932,900.14
4488,932,922.34
4489,932,906.89
4490,932,906.58
4491,932,911.68
4492,932,922.14
4493,932,910.4
4494,932,906.45
4495,932,922.26
4496,932,911.92
4497,932,905.92
4498,932,897.77
4499,932,911.66
4500,932,919.76
4501,932,901.27
4502,932,902.83
4503,932,917.9
4504,932,910.01
4505,932,907.19
4506,932,889.95
4507,932,909.28
4508,932,921.31
4509,932,920.99
4510,932,902.95
4511,932,911.88
4512,932,919.8
4513,932,911.13
4514,932,917.75
4515,932,913.86
4516,932,917.26
4517,932,922.81
4518,932,910.23
4519,932,914.64
4520,932,911.3
4521,932,915.65
4522,932,920.54
4523,932,902.89
4524,932,904.89
4525,932,910.6
4526,932,913.45
4527,932,917.89
4528,932,923.46
4529,932,922.02
4530,932,904.77
4531,932,908.69
4532,932,914.72
4533,932,909.18
4534,932,909.59
4535,932,916.79
4536,932,913.32
4537,932,913.69
4538,932,912.2
4539,932,910.47
4540,932,913.55
4541,932,905.34
4542,932,914.13
4543,932,912.7
4544,932,900.1
4545,932,912.56
4546,932,921.72
4547,932,911.03
4548,932,905.93
4549,932,911.41
4550,932,911.4
4551,932,895.25
4552,932,902.2
4553,932,913.23
4554,932,908.93
4555,932,905.54
4556,932,909.65
4557,932,915.29
4558,932,922.47
4559,932,911.85
4560,932,908.53
4561,932,918.12
4562,932,919.92
4563,932,916.52
4564,932,912.41
4565,932,922.91
4566,932,908.19
4567,932,924.97
4568,932,918.79
4569,932,911.01
4570,932,901.64
4571,932,898.01
4572,932,925.34
4573,932,919.35
4574,932,904.43
4575,932,916.95
4576,932,908.52
4577,932,919.29
4578,932,915.78
4579,932,915.92
4580,932,920.44
4581,932,914.3
4582,932,900.38
4583,932,910.11
4584,932,904.02
4585,932,914.91
4586,932,920.72
4587,932,911.79
4588,932,920.17
4589,932,904.76
4590,932,924.81
4591,932,905.11
4592,932,921.77
4593,932,913.91
4594,932,912.31
4595,932,909.14
4596,932,910.42
4597,932,921.53
4598,932,906.07
4599,932,909.33
4600,932,905.23
4601,932,919.76
4602,932,910.73
4603,932,914.04
4604,932,920.86
4605,932,917.62
4606,932,913.87
4607,932,924.11
4608,932,916.55
4609,932,917.6
4610,932,897.7
4611,932,918.3
4612,932,906.42
4613,932,915.92
4614,932,920.5
4615,932,898.14
4616,932,892.72
4617,932,916.8
4618,932,922.54
4619,932,909.43
4620,932,914.0
4621,932,915.36
4622,932,916.11
4623,932,907.86
4624,932,913.91
4625,932,916.82
4626,932,921.1
4627,932,922.33
4628,932,908.42
4629,932,916.58
4630,932,915.77
4631,932,920.82
4632,932,912.1
4633,932,891.0
4634,932,918.19
4635,932,906.98
4636,932,905.04
4637,932,916.67
4638,932,915.36
4639,932,922.42
4640,932,910.23
4641,932,920.12
4642,932,917.05
4643,932,911.2
4644,932,915.8
4645,932,911.68
4646,932,915.77
4647,932,911.3
4648,932,913.17
4649,932,915.45
4650,932,901.41
4651,932,901.85
4652,932,913.2
4653,932,905.52
4654,932,914.93
4655,932,899.75
4656,932,891.54
4657,932,912.25
4658,932,925.26
4659,932,923.81
4660,932,917.37
4661,932,889.92
4662,932,910.75
4663,932,926.38
4664,932,915.42
4665,932,909.45
4666,932,926.65
4667,932,898.92
4668,932,920.89
4669,932,921.38
4670,932,899.78
4671,932,911.67
4672,932,911.79
4673,932,923.41
4674,932,912.22
4675,932,921.37
4676,932,920.59
4677,932,907.43
4678,932,914.94
4679,932,910.65
4680,932,906.18
4681,932,895.27
4682,932,915.19
4683,932,917.31
4684,932,899.01
4685,932,901.9
4686,932,908.23
4687,932,914.3
4688,932,917.71
4689,932,918.39
4690,932,912.13
4691,932,911.74
4692,932,923.27
4693,932,922.19
4694,932,920.02
4695,932,897.24
4696,932,909.73
4697,932,921.89
4698,932,908.97
4699,932,901.95
4700,932,925.69
4701,932,914.92
4702,932,908.83
4703,932,914.19
4704,932,900.47
4705,932,922.13
4706,932,915.5
4707,932,909.26
4708,932,922.21
4709,932,912.93
4710,932,918.79
4711,932,910.6
4712,932,917.54
4713,932,912.85
4714,932,917.74
4715,932,909.36
4716,932,905.58
4717,932,913.04
4718,932,918.27
4719,932,914.89
4720,932,905.99
4721,932,919.77
4722,932,906.71
4723,932,893.78
4724,932,922.11
4725,932,915.19
4726,932,911.89
4727,932,895.13
4728,932,913.89
4729,932,918.5
4730,932,919.93
4731,932,923.99
4732,932,918.32
4733,932,902.1
4734,932,905.51
4735,932,905.4
4736,932,911.0
4737,932,905.47
4738,932,911.54
4739,932,908.45
4740,932,919.49
4741,932,917.26
4742,932,919.17
4743,932,921.14
4744,932,906.35
4745,932,913.75
4746,932,909.53
4747,932,906.61
4748,932,917.18
4749,932,914.63
4750,932,911.18
4751,932,899.76
4752,932,896.98
4753,932,913.87
4754,932,915.1
4755,932,918.12
4756,932,923.01
4757,932,912.0
4758,932,919.74
4759,932,904.81
4760,932,925.41
4761,932,906.61
4762,932,915.36
4763,932,924.24
4764,932,908.82
4765,932,914.15
4766,932,908.13
4767,932,920.57
4768,932,904.57
4769,932,910.95
4770,932,912.15
4771,932,903.38
4772,932,909.1
4773,932,908.98
4774,932,909.58
4775,932,911.05
4776,932,902.94
4777,932,903.65
4778,932,897.88
4779,932,909.24
4780,932,923.86
4781,932,916.94
4782,932,911.91
4783,932,922.98
4784,932,925.58
4785,932,910.21
4786,932,926.38
4787,932,901.79
4788,932,903.67
4789,932,905.75
4790,932,917.55
4791,932,921.48
4792,932,914.96
4793,932,911.61
4794,932,911.45
4795,932,915.47
4796,932,895.5
4797,932,923.46
4798,932,909.7
4799,932,919.63
4800,932,915.17
4801,932,920.74
4802,932,908.48
4803,932,916.46
4804,932,913.14
4805,932,914.65
4806,932,905.71
4807,932,916.17
4808,932,901.22
4809,932,913.55
4810,932,915.55
4811,932,920.0
4812,932,916.39
4813,932,906.77
4814,932,912.38
4815,932,919.82
4816,932,923.11
4817,932,912.3
4818,932,918.94
4819,932,899.16
4820,932,902.41
4821,932,902.01
4822,932,903.7
4823,932,909.81
4824,932,912.64
4825,932,909.04
4826,932,899.65
4827,932,910.01
4828,932,913.79
4829,932,905.32
4830,932,918.61
4831,932,921.05
4832,932,915.98
4833,932,920.75
4834,932,903.67
4835,932,912.2
4836,932,901.94
4837,932,915.46
4838,932,917.2
4839,932,914.88
4840,932,906.84
4841,932,908.32
4842,932,914.8
4843,932,895.54
4844,932,910.96
4845,932,914.31
4846,932,921.77
4847,932,906.33
4848,932,922.14
4849,932,907.97
4850,932,914.6
4851,932,901.89
4852,932,910.2
4853,932,918.53
4854,932,907.0
4855,932,926.13
4856,932,908.33
4857,932,909.41
4858,932,907.46
4859,932,915.79
4860,932,908.9
4861,932,916.1
4862,932,916.44
4863,932,899.18
4864,932,921.19
4865,932,909.36
4866,932,916.42
4867,932,908.45
4868,932,923.01
4869,932,908.76
4870,932,919.34
4871,932,925.29
4872,932,913.81
4873,932,918.15
4874,932,918.63
4875,932,900.45
4876,932,915.32
4877,932,926.48
4878,932,909.25
4879,932,905.68
4880,932,906.57
4881,932,904.11
4882,932,923.29
4883,932,907.37
4884,932,913.93
4885,932,904.19
4886,932,907.56
4887,932,917.13
4888,932,917.25
4889,932,919.99
4890,932,910.2
4891,932,904.24
4892,932,912.57
4893,932,906.53
4894,932,916.06
4895,932,915.9
4896,932,919.02
4897,932,904.55
4898,932,914.2
4899,932,916.28
4900,932,913.67
4901,932,922.74
4902,932,889.07
4903,932,921.1
4904,932,911.34
4905,932,917.25
4906,932,901.05
4907,932,912.31
4908,932,917.32
4909,932,917.12
4910,932,904.66
4911,932,902.03
4912,932,922.08
4913,932,915.79
4914,932,911.05
4915,932,919.67
4916,932,908.31
4917,932,917.48
4918,932,897.46
4919,932,901.77
4920,932,910.04
4921,932,912.42
4922,932,921.04
4923,932,894.78
4924,932,923.74
4925,932,920.39
4926,932,893.21
4927,932,917.19
4928,932,902.02
4929,932,892.89
4930,932,904.91
4931,932,902.36
4932,932,906.58
4933,932,908.63
4934,932,898.83
4935,932,920.29
4936,932,909.85
4937,932,913.13
4938,932,904.93
4939,932,919.14
4940,932,915.47
4941,932,906.82
4942,932,901.02
4943,932,917.57
4944,932,919.28
4945,932,904.16
4946,932,917.88
4947,932,922.47
4948,932,913.31
4949,932,913.31
4950,932,914.73
4951,932,898.04
4952,932,918.11
4953,932,907.09
4954,932,913.23
4955,932,921.64
4956,932,915.65
4957,932,897.54
4958,932,910.04
4959,932,911.9
4960,932,904.64
4961,932,910.45
4962,932,908.67
4963,932,904.21
4964,932,898.24
4965,932,904.66
4966,932,913.9
4967,932,900.6
4968,932,916.41
4969,932,917.64
4970,932,904.77
4971,932,919.22
4972,932,906.27
4973,932,911.35
4974,932,903.79
4975,932,920.42
4976,932,908.57
4977,932,914.01
4978,932,911.38
4979,932,922.07
4980,932,915.23
4981,932,912.42
4982,932,911.66
4983,932,903.0
4984,932,915.06
4985,932,922.1
4986,932,904.79
4987,932,912.78
4988,932,916.82
4989,932,922.88
4990,932,895.89
4991,932,912.72
4992,932,912.33
4993,932,913.05
4994,932,905.44
4995,932,912.8
4996,932,907.53
4997,932,923.76
4998,932,911.08
4999,932,919.17
5000,932,913.09
5001,932,906.77
5002,932,909.24
5003,932,921.5
5004,932,904.89
5005,932,917.35
5006,932,920.27
5007,932,926.48
5008,932,912.26
5009,932,915.62
5010,932,913.7
5011,932,922.89
5012,932,921.69
5013,932,920.55
5014,932,903.22
5015,932,919.61
5016,932,906.06
5017,932,899.65
5018,932,906.32
5019,932,921.66
5020,932,922.74
5021,932,916.7
5022,932,922.54
5023,932,919.65
5024,932,905.74
5025,932,910.89
5026,932,920.55
5027,932,915.22
5028,932,907.04
5029,932,916.43
5030,932,923.13
5031,932,921.77
5032,932,911.35
5033,932,920.96
5034,932,906.68
5035,932,906.91
5036,932,904.46
5037,932,910.31
5038,932,920.68
5039,932,910.41
5040,932,916.64
5041,932,906.2
5042,932,909.87
5043,932,912.17
5044,932,896.77
5045,932,910.16
5046,932,916.56
5047,932,912.23
5048,932,923.94
5049,932,912.16
5050,932,928.7
5051,932,914.8
5052,932,908.88
5053,932,913.27
5054,932,912.92
5055,932,919.33
5056,932,915.55
5057,932,919.93
5058,932,913.31
5059,932,909.59
5060,932,917.17
5061,932,914.89
5062,932,920.28
5063,932,921.6
5064,932,908.52
5065,932,906.0
5066,932,921.59
5067,932,916.02
5068,932,906.13
5069,932,914.57
5070,932,923.04
5071,932,913.73
5072,932,909.61
5073,932,917.09
5074,932,911.84
5075,932,902.8
5076,932,914.87
5077,932,903.13
5078,932,913.73
5079,932,913.24
5080,932,918.13
5081,932,913.9
5082,932,899.87
5083,932,915.68
5084,932,905.87
5085,932,905.89
5086,932,908.06
5087,932,910.94
5088,932,907.27
5089,932,914.61
5090,932,918.93
5091,932,909.66
5092,932,915.67
5093,932,904.52
5094,932,908.98
5095,932,900.96
5096,932,910.38
5097,932,915.8
5098,932,918.6
5099,932,920.01
5100,932,922.52
5101,932,904.49
5102,932,900.42
5103,932,907.91
5104,932,909.41
5105,932,919.89
5106,932,917.77
5107,932,914.55
5108,932,916.53
5109,932,910.33
5110,932,915.57
5111,932,920.71
5112,932,908.91
5113,932,911.64
5114,932,918.7
5115,932,914.35
5116,932,917.43
5117,932,909.53
5118,932,910.9
5119,932,907.93
5120,932,911.95
5121,932,916.42
5122,932,923.42
5123,932,910.05
5124,932,914.55
5125,932,913.07
5126,932,905.86
5127,932,898.24
5128,932,920.59
5129,932,913.18
5130,932,915.18
5131,932,925.36
5132,932,902.74
5133,932,919.49
5134,932,921.62
5135,932,898.92
5136,932,910.93
5137,932,914.96
5138,932,912.53
5139,932,905.87
5140,932,914.21
5141,932,909.01
5142,932,906.23
5143,932,915.65
5144,932,888.86
5145,932,913.81
5146,932,905.74
5147,932,914.26
5148,932,913.29
5149,932,910.18
5150,932,918.11
5151,932,925.36
5152,932,915.91
5153,932,916.68
5154,932,911.13
5155,932,907.51
5156,932,915.45
5157,932,913.59
5158,932,914.22
5159,932,918.92
5160,932,912.76
5161,932,912.66
5162,932,920.02
5163,932,913.55
5164,932,911.46
5165,932,909.69
5166,932,909.38
5167,932,912.71
5168,932,912.28
5169,932,910.17
5170,932,928.28
5171,932,914.55
5172,932,909.97
5173,932,902.72
5174,932,904.04
5175,932,919.77
5176,932,918.15
5177,932,915.78
5178,932,908.71
5179,932,915.46
5180,932,918.27
5181,932,911.52
5182,932,915.03
5183,932,900.01
5184,932,908.11
5185,932,920.72
5186,932,908.61
5187,932,918.75
5188,932,915.14
5189,932,919.05
5190,932,920.9
5191,932,912.15
5192,932,920.92
5193,932,908.67
5194,932,912.3
5195,932,902.12
5196,932,911.68
5197,932,914.99
5198,932,893.83
5199,932,917.57
5200,932,913.91
5201,932,915.74
5202,932,921.91
5203,932,921.48
5204,932,910.88
5205,932,909.11
5206,932,912.93
5207,932,922.37
5208,932,897.5
5209,932,912.54
5210,932,904.8
5211,932,921.79
5212,932,904.31
5213,932,915.55
5214,932,911.85
5215,932,899.22
5216,932,920.58
5217,932,919.64
5218,932,912.25
5219,932,918.29
5220,932,906.59
5221,932,910.83
5222,932,902.15
5223,932,920.63
5224,932,901.83
5225,932,911.62
5226,932,911.31
5227,932,922.06
5228,932,900.96
5229,932,899.89
5230,932,921.2
5231,932,915.5
5232,932,903.49
5233,932,908.26
5234,932,910.69
5235,932,917.53
5236,932,919.09
5237,932,918.85
5238,932,912.51
5239,932,907.3
5240,932,912.93
5241,932,922.41
5242,932,921.74
5243,932,910.84
5244,932,920.76
5245,932,912.54
5246,932,889.04
5247,932,922.31
5248,932,912.51
5249,932,922.41
5250,932,906.38
5251,932,905.38
5252,932,916.6
5253,932,920.67
5254,932,914.85
5255,932,904.92
5256,932,907.83
5257,932,919.02
5258,932,913.49
5259,932,904.28
5260,932,917.03
5261,932,914.52
5262,932,920.66
5263,932,914.07
5264,932,923.94
5265,932,911.83
5266,932,913.49
5267,932,892.48
5268,932,899.15
5269,932,909.64
5270,932,914.15
5271,932,916.1
5272,932,899.24
5273,932,904.4
5274,932,907.64
5275,932,871.17
5276,932,919.71
5277,932,918.92
5278,932,917.2
5279,932,916.2
5280,932,909.36
5281,932,911.48
5282,932,914.41
5283,932,914.87
5284,932,917.57
5285,932,909.78
5286,932,900.11
5287,932,909.55
5288,932,898.28
5289,932,896.83
5290,932,907.59
5291,932,911.88
5292,932,900.85
5293,932,914.46
5294,932,906.31
5295,932,909.98
5296,932,906.79
5297,932,907.39
5298,932,914.57
5299,932,918.01
5300,932,909.54
5301,932,918.82
5302,932,913.65
5303,932,915.78
5304,932,901.54
5305,932,902.04
5306,932,914.73
5307,932,923.17
5308,932,919.49
5309,932,914.52
5310,932,917.9
5311,932,922.91
5312,932,921.58
5313,932,900.92
5314,932,916.52
5315,932,898.72
5316,932,916.02
5317,932,917.33
5318,932,903.99
5319,932,901.9
5320,932,898.99
5321,932,913.82
5322,932,888.48
5323,932,902.07
5324,932,911.45
5325,932,917.37
5326,932,909.81
5327,932,895.56
5328,932,913.61
5329,932,879.25
5330,932,921.11
5331,932,915.46
5332,932,910.68
5333,932,918.68
5334,932,918.07
5335,932,914.28
5336,932,912.61
5337,932,915.16
5338,932,921.34
5339,932,908.19
5340,932,891.85
5341,932,910.76
5342,932,910.43
5343,932,911.56
5344,932,922.94
5345,932,916.51
5346,932,899.18
5347,932,917.67
5348,932,917.46
5349,932,907.29
5350,932,920.98
5351,932,900.59
5352,932,906.4
5353,932,906.28
5354,932,912.07
5355,932,908.23
5356,932,904.29
5357,932,919.62
5358,932,912.8
5359,932,907.27
5360,932,900.04
5361,932,911.14
5362,932,911.56
5363,932,910.92
5364,932,915.72
5365,932,912.07
5366,932,907.29
5367,932,923.39
5368,932,921.94
5369,932,894.83
5370,932,908.82
5371,932,908.63
5372,932,899.75
5373,932,914.45
5374,932,899.11
5375,932,909.91
5376,932,912.33
5377,932,920.33
5378,932,919.96
5379,932,909.79
5380,932,903.22
5381,932,911.2
5382,932,914.04
5383,932,909.91
5384,932,912.66
5385,932,916.67
5386,932,906.04
5387,932,922.47
5388,932,906.31
5389,932,915.73
5390,932,918.4
5391,932,902.28
5392,932,913.39
5393,932,915.84
5394,932,922.73
5395,932,917.69
5396,932,909.56
5397,932,915.6
5398,932,923.64
5399,932,919.8
5400,932,916.97
5401,932,913.81
5402,932,902.75
5403,932,913.13
5404,932,911.03
5405,932,912.83
5406,932,917.09
5407,932,914.1
5408,932,905.17
5409,932,914.51
5410,932,897.47
5411,932,897.95
5412,932,907.38
5413,932,909.9
5414,932,897.08
5415,932,909.26
5416,932,910.72
5417,932,889.62
5418,932,914.2
5419,932,913.18
5420,932,911.92
5421,932,905.94
5422,932,913.2
5423,932,903.55
5424,932,913.04
5425,932,915.69
5426,932,907.81
5427,932,910.2
5428,932,907.71
5429,932,908.03
5430,932,904.62
5431,932,897.41
5432,932,917.7
5433,932,914.45
5434,932,918.02
5435,932,908.28
5436,932,909.54
5437,932,914.6
5438,932,901.13
5439,932,907.0
5440,932,923.86
5441,932,905.21
5442,932,904.39
5443,932,905.32
5444,932,914.51
5445,932,918.34
5446,932,915.99
5447,932,903.31
5448,932,906.0
5449,932,907.1
5450,932,914.91
5451,932,902.69
5452,932,905.61
5453,932,914.11
5454,932,899.17
5455,932,913.39
5456,932,895.84
5457,932,908.29
5458,932,912.51
5459,932,897.55
5460,932,915.86
5461,932,916.57
5462,932,920.6
5463,932,916.82
5464,932,923.01
5465,932,921.57
5466,932,904.87
5467,932,910.75
5468,932,921.35
5469,932,916.02
5470,932,925.26
5471,932,917.55
5472,932,900.68
5473,932,906.88
5474,932,913.31
5475,932,921.77
5476,932,911.53
5477,932,918.7
5478,932,904.42
5479,932,908.57
5480,932,907.55
5481,932,912.06
5482,932,915.88
5483,932,903.89
5484,932,920.65
5485,932,916.86
5486,932,921.15
5487,932,909.0
5488,932,923.34
5489,932,917.49
5490,932,915.03
5491,932,913.19
5492,932,922.33
5493,932,904.52
5494,932,908.71
5495,932,922.42
5496,932,921.09
5497,932,885.47
5498,932,916.93
5499,932,904.67
5500,932,920.26
5501,932,912.23
5502,932,907.42
5503,932,914.78
5504,932,923.36
5505,932,922.34
5506,932,915.16
5507,932,910.83
5508,932,918.91
5509,932,918.1
5510,932,913.94
5511,932,909.19
5512,932,905.6
5513,932,916.25
5514,932,906.07
5515,932,916.63
5516,932,911.61
5517,932,909.42
5518,932,920.24
5519,932,913.63
5520,932,905.0
5521,932,914.79
5522,932,913.19
5523,932,915.49
5524,932,916.24
5525,932,909.92
5526,932,904.5
5527,932,898.67
5528,932,916.08
5529,932,918.28
5530,932,912.22
5531,932,900.53
5532,932,910.7
5533,932,911.47
5534,932,903.96
5535,932,900.63
5536,932,910.23
5537,932,917.88
5538,932,912.32
5539,932,907.79
5540,932,917.06
5541,932,919.99
5542,932,909.24
5543,932,901.27
5544,932,903.29
5545,932,913.8
5546,932,912.97
5547,932,909.43
5548,932,900.71
5549,932,906.77
5550,932,914.63
5551,932,921.64
5552,932,914.55
5553,932,919.26
5554,932,916.14
5555,932,907.96
5556,932,891.47
5557,932,914.55
5558,932,910.58
5559,932,917.58
5560,932,912.22
5561,932,917.19
5562,932,910.65
5563,932,918.93
5564,932,919.57
5565,932,914.77
5566,932,910.67
5567,932,901.88
5568,932,921.81
5569,932,917.29
5570,932,915.66
5571,932,893.12
5572,932,913.38
5573,932,919.09
5574,932,918.44
5575,932,917.68
5576,932,914.41
5577,932,912.77
5578,932,911.06
5579,932,908.8
5580,932,919.05
5581,932,912.96
5582,932,902.9
5583,932,910.76
5584,932,917.68
5585,932,914.26
5586,932,909.7
5587,932,914.06
5588,932,921.49
5589,932,905.02
5590,932,918.87
5591,932,918.04
5592,932,911.46
5593,932,910.88
5594,932,908.11
5595,932,920.34
5596,932,909.65
5597,932,917.01
5598,932,917.82
5599,932,918.25
5600,932,914.15
5601,932,913.61
5602,932,910.66
5603,932,923.98
5604,932,904.13
5605,932,915.36
5606,932,911.97
5607,932,912.15
5608,932,913.3
5609,932,903.92
5610,932,904.09
5611,932,904.02
5612,932,915.94
5613,932,919.14
5614,932,908.88
5615,932,918.0
5616,932,899.36
5617,932,909.34
5618,932,921.29
5619,932,909.04
5620,932,910.48
5621,932,914.12
5622,932,922.72
5623,932,909.6
5624,932,921.17
5625,932,910.53
5626,932,912.53
5627,932,911.03
5628,932,912.96
5629,932,918.26
5630,932,920.23
5631,932,912.34
5632,932,906.47
5633,932,920.92
5634,932,907.85
5635,932,910.38
5636,932,914.42
5637,932,917.16
5638,932,911.51
5639,932,916.54
5640,932,912.01
5641,932,920.94
5642,932,915.15
5643,932,924.81
5644,932,916.23
5645,932,923.64
5646,932,922.12
5647,932,912.85
5648,932,918.56
5649,932,912.9
5650,932,909.95
5651,932,912.85
5652,932,911.71
5653,932,916.05
5654,932,902.42
5655,932,908.99
5656,932,916.59
5657,932,905.48
5658,932,920.69
5659,932,923.24
5660,932,915.08
5661,932,926.46
5662,932,914.8
5663,932,904.89
5664,932,918.96
5665,932,908.8
5666,932,913.87
5667,932,924.29
5668,932,909.04
5669,932,909.66
5670,932,920.31
5671,932,921.32
5672,932,915.82
5673,932,918.6
5674,932,909.88
5675,932,920.44
5676,932,901.77
5677,932,915.0
5678,932,910.75
5679,932,920.5
5680,932,910.2
5681,932,910.39
5682,932,910.87
5683,932,917.54
5684,932,915.45
5685,932,904.67
5686,932,896.85
5687,932,909.59
5688,932,910.58
5689,932,909.73
5690,932,910.83
5691,932,907.58
5692,932,892.89
5693,932,908.71
5694,932,917.95
5695,932,904.75
5696,932,921.14
5697,932,911.75
5698,932,921.09
5699,932,907.19
5700,932,915.25
5701,932,911.29
5702,932,906.2
5703,932,910.99
5704,932,916.51
5705,932,923.54
5706,932,918.95
5707,932,920.06
5708,932,915.92
5709,932,919.77
5710,932,913.56
5711,932,917.15
5712,932,912.64
5713,932,915.17
5714,932,915.59
5715,932,913.59
5716,932,913.06
5717,932,908.64
5718,932,908.41
5719,932,926.31
5720,932,921.87
5721,932,913.27
5722,932,911.07
5723,932,914.84
5724,932,912.77
5725,932,915.39
5726,932,909.14
5727,932,895.26
5728,932,924.2
5729,932,913.32
5730,932,923.44
5731,932,915.37
5732,932,909.67
5733,932,903.16
5734,932,911.32
5735,932,912.07
5736,932,919.0
5737,932,907.34
5738,932,911.2
5739,932,906.07
5740,932,915.32
5741,932,908.45
5742,932,912.42
5743,932,914.21
5744,932,902.95
5745,932,913.93
5746,932,917.9
5747,932,914.59
5748,932,900.79
5749,932,907.71
5750,932,899.92
5751,932,910.7
5752,932,911.36
5753,932,897.0
5754,932,917.71
5755,932,919.37
5756,932,925.39
5757,932,919.78
5758,932,904.01
5759,932,905.64
5760,932,919.87
5761,932,912.03
5762,932,915.54
5763,932,915.96
5764,932,920.64
5765,932,911.96
5766,932,892.34
5767,932,901.83
5768,932,913.82
5769,932,916.27
5770,932,913.32
5771,932,905.2
5772,932,912.88
5773,932,918.59
5774,932,905.69
5775,932,927.33
5776,932,901.42
5777,932,917.67
5778,932,916.41
5779,932,913.18
5780,932,921.76
5781,932,916.29
5782,932,907.49
5783,932,910.5
5784,932,913.85
5785,932,920.29
5786,932,909.31
5787,932,912.8
5788,932,913.42
5789,932,907.05
5790,932,923.51
5791,932,909.82
5792,932,912.23
5793,932,913.95
5794,932,905.53
5795,932,916.72
5796,932,910.45
5797,932,912.52
5798,932,920.12
5799,932,924.43
5800,932,901.2
5801,932,907.44
5802,932,917.51
5803,932,917.39
5804,932,900.52
5805,932,912.98
5806,932,924.06
5807,932,910.7
5808,932,911.99
5809,932,915.31
5810,932,923.79
5811,932,915.47
5812,932,911.56
5813,932,921.07
5814,932,925.58
5815,932,924.39
5816,932,904.71
5817,932,917.76
5818,932,913.68
5819,932,910.93
5820,932,917.1
5821,932,900.27
5822,932,916.28
5823,932,926.63
5824,932,905.09
5825,932,917.04
5826,932,909.11
5827,932,911.98
5828,932,919.67
5829,932,905.75
5830,932,896.35
5831,932,917.97
5832,932,901.79
5833,932,922.71
5834,932,916.68
5835,932,922.11
5836,932,907.78
5837,932,921.61
5838,932,916.52
5839,932,914.29
5840,932,916.69
5841,932,913.53
5842,932,908.01
5843,932,900.82
5844,932,917.78
5845,932,922.34
5846,932,904.92
5847,932,904.49
5848,932,911.73
5849,932,912.45
5850,932,908.77
5851,932,913.34
5852,932,915.7
5853,932,912.32
5854,932,909.68
5855,932,898.91
5856,932,907.67
5857,932,916.35
5858,932,916.71
5859,932,910.38
5860,932,921.0
5861,932,922.51
5862,932,921.39
5863,932,907.01
5864,932,920.84
5865,932,906.63
5866,932,918.76
5867,932,910.08
5868,932,918.69
5869,932,919.19
5870,932,904.2
5871,932,917.24
5872,932,906.38
5873,932,916.77
5874,932,906.91
5875,932,905.87
5876,932,912.14
5877,932,919.77
5878,932,908.43
5879,932,905.05
5880,932,916.39
5881,932,918.8
5882,932,917.37
5883,932,922.41
5884,932,910.19
5885,932,920.88
5886,932,905.03
5887,932,900.6
5888,932,909.25
5889,932,922.31
5890,932,897.49
5891,932,917.54
5892,932,905.45
5893,932,910.82
5894,932,910.68
5895,932,904.82
5896,932,913.34
5897,932,923.19
5898,932,911.27
5899,932,902.97
5900,932,907.92
5901,932,918.23
5902,932,901.28
5903,932,912.0
5904,932,917.58
5905,932,912.51
5906,932,919.3
5907,932,913.02
5908,932,921.1
5909,932,906.03
5910,932,914.12
5911,932,908.27
5912,932,920.97
5913,932,909.4
5914,932,906.94
5915,932,900.98
5916,932,915.93
5917,932,919.69
5918,932,908.36
5919,932,921.25
5920,932,913.74
5921,932,904.25
5922,932,911.91
5923,932,922.01
5924,932,913.64
5925,932,910.06
5926,932,909.92
5927,932,908.97
5928,932,911.58
5929,932,918.52
5930,932,906.94
5931,932,917.17
5932,932,925.41
5933,932,914.0
5934,932,925.59
5935,932,914.35
5936,932,923.49
5937,932,918.53
5938,932,895.39
5939,932,916.06
5940,932,910.07
5941,932,908.53
5942,932,912.58
5943,932,915.7
5944,932,919.24
5945,932,911.84
5946,932,900.55
5947,932,906.9
5948,932,905.79
5949,932,910.83
5950,932,915.1
5951,932,887.37
5952,932,906.74
5953,932,905.86
5954,932,912.85
5955,932,922.42
5956,932,923.21
5957,932,904.95
5958,932,912.88
5959,932,904.11
5960,932,910.86
5961,932,905.91
5962,932,909.9
5963,932,922.54
5964,932,909.35
5965,932,916.7
5966,932,912.36
5967,932,912.77
5968,932,912.65
5969,932,905.08
5970,932,920.09
5971,932,917.4
5972,932,916.04
5973,932,906.97
5974,932,911.1
5975,932,922.42
5976,932,917.44
5977,932,903.24
5978,932,914.98
5979,932,918.25
5980,932,913.7
5981,932,905.33
5982,932,918.34
5983,932,913.14
5984,932,912.53
5985,932,912.2
5986,932,911.43
5987,932,912.62
5988,932,915.26
5989,932,916.93
5990,932,895.39
5991,932,902.04
5992,932,895.97
5993,932,916.12
5994,932,907.67
5995,932,905.66
5996,932,898.05
5997,932,921.71
5998,932,926.81
5999,932,908.0
6000,932,901.7
6001,932,918.3
6002,932,910.38
6003,932,899.03
6004,932,910.37
6005,932,910.51
6006,932,921.14
6007,932,911.2
6008,932,918.31
6009,932,904.21
6010,932,908.53
6011,932,919.21
6012,932,914.16
6013,932,913.47
6014,932,921.55
6015,932,915.77
6016,932,913.0
6017,932,917.12
6018,932,917.06
6019,932,919.57
6020,932,913.6
6021,932,916.3
6022,932,914.96
6023,932,914.91
6024,932,918.65
6025,932,910.26
6026,932,913.98
6027,932,918.37
6028,932,892.76
6029,932,913.83
6030,932,922.25
6031,932,920.06
6032,932,922.05
6033,932,909.27
6034,932,910.65
6035,932,915.58
6036,932,920.86
6037,932,918.94
6038,932,912.82
6039,932,904.64
6040,932,902.44
6041,932,914.67
6042,932,914.9
6043,932,914.89
6044,932,914.08
6045,932,910.54
6046,932,919.72
6047,932,912.69
6048,932,912.85
6049,932,918.06
6050,932,924.16
6051,932,907.0
6052,932,918.09
6053,932,897.85
6054,932,910.58
6055,932,922.04
6056,932,916.86
6057,932,918.21
6058,932,907.08
6059,932,905.93
6060,932,920.27
6061,932,906.82
6062,932,916.0
6063,932,901.16
6064,932,909.35
6065,932,903.57
6066,932,902.98
6067,932,921.49
6068,932,909.99
6069,932,917.6
6070,932,926.24
6071,932,896.79
6072,932,929.93
6073,932,921.29
6074,932,913.63
6075,932,902.53
6076,932,913.31
6077,932,920.63
6078,932,910.33
6079,932,912.16
6080,932,923.95
6081,932,895.74
6082,932,910.3
6083,932,913.75
6084,932,901.31
6085,932,922.97
6086,932,915.52
6087,932,918.38
6088,932,913.47
6089,932,904.11
6090,932,910.53
6091,932,905.14
6092,932,908.78
6093,932,913.46
6094,932,913.34
6095,932,920.24
6096,932,903.2
6097,932,915.9
6098,932,919.95
6099,932,915.93
6100,932,909.24
6101,932,922.02
6102,932,922.78
6103,932,909.34
6104,932,909.4
6105,932,915.15
6106,932,900.32
6107,932,910.96
6108,932,910.39
6109,932,914.36
6110,932,916.48
6111,932,917.28
6112,932,917.07
6113,932,913.44
6114,932,908.33
6115,932,919.42
6116,932,905.68
6117,932,897.47
6118,932,912.19
6119,932,910.27
6120,932,921.58
6121,932,914.71
6122,932,907.35
6123,932,906.12
6124,932,911.22
6125,932,910.62
6126,932,920.26
6127,932,919.75
6128,932,922.74
6129,932,903.72
6130,932,908.01
6131,932,913.44
6132,932,915.7
6133,932,909.08
6134,932,923.76
6135,932,907.16
6136,932,902.19
6137,932,914.05
6138,932,914.67
6139,932,905.5
6140,932,914.92
6141,932,930.28
6142,932,917.39
6143,932,912.27
6144,932,921.62
6145,932,923.52
6146,932,913.9
6147,932,893.08
6148,932,927.36
6149,932,902.43
6150,932,909.23
6151,932,917.39
6152,932,923.18
6153,932,915.16
6154,932,910.14
6155,932,906.44
6156,932,899.2
6157,932,915.11
6158,932,901.07
6159,932,911.36
6160,932,917.64
6161,932,917.27
6162,932,902.65
6163,932,909.68
6164,932,903.76
6165,932,907.24
6166,932,913.35
6167,932,905.26
6168,932,885.35
6169,932,919.72
6170,932,918.62
6171,932,919.77
6172,932,907.27
6173,932,918.25
6174,932,917.99
6175,932,899.7
6176,932,918.85
6177,932,922.94
6178,932,917.22
6179,932,906.5
6180,932,915.1
6181,932,914.44
6182,932,913.36
6183,932,923.86
6184,932,920.24
6185,932,907.11
6186,932,910.84
6187,932,906.37
6188,932,912.97
6189,932,910.23
6190,932,909.84
6191,932,907.8
6192,932,915.84
6193,932,916.39
6194,932,904.84
6195,932,902.95
6196,932,928.28
6197,932,906.66
6198,932,918.89
6199,932,915.57
6200,932,920.43
6201,932,921.99
6202,932,913.26
6203,932,919.52
6204,932,910.46
6205,932,925.09
6206,932,918.64
6207,932,908.31
6208,932,923.46
6209,932,916.75
6210,932,919.88
6211,932,905.66
6212,932,912.17
6213,932,900.78
6214,932,920.51
6215,932,907.18
6216,932,927.28
6217,932,907.62
6218,932,914.65
6219,932,908.36
6220,932,913.68
6221,932,898.86
6222,932,914.11
6223,932,922.63
6224,932,917.04
6225,932,912.09
6226,932,910.94
6227,932,913.07
6228,932,922.96
6229,932,924.08
6230,932,914.15
6231,932,910.36
6232,932,920.97
6233,932,913.28
6234,932,912.88
6235,932,899.5
6236,932,896.36
6237,932,917.89
6238,932,910.07
6239,932,908.9
6240,932,907.05
6241,932,914.98
6242,932,911.4
6243,932,916.9
6244,932,923.6
6245,932,915.08
6246,932,909.94
6247,932,909.81
6248,932,912.04
6249,932,905.37
6250,932,927.61
6251,932,918.62
6252,932,906.23
6253,932,915.53
6254,932,916.57
6255,932,918.82
6256,932,890.54
6257,932,915.95
6258,932,899.97
6259,932,907.53
6260,932,913.69
6261,932,910.32
6262,932,916.63
6263,932,914.6
6264,932,922.49
6265,932,906.53
6266,932,924.19
6267,932,915.37
6268,932,905.47
6269,932,922.72
6270,932,921.13
6271,932,915.54
6272,932,921.46
6273,932,908.53
6274,932,911.87
6275,932,914.03
6276,932,908.84
6277,932,902.31
6278,932,913.1
6279,932,900.77
6280,932,909.63
6281,932,906.38
6282,932,918.65
6283,932,915.65
6284,932,907.77
6285,932,917.6
6286,932,907.4
6287,932,904.17
6288,932,919.56
6289,932,911.47
6290,932,909.57
6291,932,911.18
6292,932,912.74
6293,932,914.92
6294,932,924.09
6295,932,902.59
6296,932,922.39
6297,932,911.83
6298,932,914.74
6299,932,919.03
6300,932,911.86
6301,932,908.61
6302,932,913.96
6303,932,918.17
6304,932,920.64
6305,932,908.68
6306,932,904.15
6307,932,914.66
6308,932,902.39
6309,932,914.94
6310,932,919.95
6311,932,902.9
6312,932,923.54
6313,932,907.44
6314,932,917.74
6315,932,900.14
6316,932,909.37
6317,932,903.11
6318,932,915.52
6319,932,917.92
6320,932,906.56
6321,932,914.08
6322,932,910.63
6323,932,907.28
6324,932,914.7
6325,932,908.86
6326,932,919.01
6327,932,912.31
6328,932,905.18
6329,932,904.87
6330,932,902.03
6331,932,910.89
6332,932,907.68
6333,932,896.48
6334,932,911.87
6335,932,921.69
6336,932,904.47
6337,932,899.68
6338,932,910.12
6339,932,908.64
6340,932,916.72
6341,932,915.76
6342,932,908.62
6343,932,909.36
6344,932,900.1
6345,932,914.45
6346,932,915.35
6347,932,904.83
6348,932,921.33
6349,932,913.47
6350,932,916.81
6351,932,909.28
6352,932,912.06
6353,932,914.59
6354,932,919.37
6355,932,908.79
6356,932,905.67
6357,932,916.49
6358,932,900.23
6359,932,910.51
6360,932,895.69
6361,932,911.69
6362,932,910.96
6363,932,916.49
6364,932,896.73
6365,932,908.67
6366,932,915.84
6367,932,921.51
6368,932,900.69
6369,932,893.6
6370,932,912.54
6371,932,922.86
6372,932,913.74
6373,932,915.54
6374,932,910.76
6375,932,907.01
6376,932,915.87
6377,932,914.0
6378,932,905.17
6379,932,917.6
6380,932,914.58
6381,932,908.46
6382,932,913.0
6383,932,910.26
6384,932,914.92
6385,932,921.56
6386,932,918.79
6387,932,925.71
6388,932,911.53
6389,932,918.88
6390,932,920.36
6391,932,923.09
6392,932,912.38
6393,932,916.58
6394,932,912.59
6395,932,906.51
6396,932,907.33
6397,932,911.45
6398,932,905.47
6399,932,920.62
6400,932,907.19
6401,932,904.74
6402,932,910.04
6403,932,914.67
6404,932,910.73
6405,932,917.33
6406,932,919.64
6407,932,911.49
6408,932,912.77
6409,932,913.3
6410,932,923.3
6411,932,918.47
6412,932,913.66
6413,932,924.16
6414,932,917.58
6415,932,924.24
6416,932,908.61
6417,932,905.92
6418,932,922.76
6419,932,911.17
6420,932,918.69
6421,932,917.96
6422,932,906.93
6423,932,901.8
6424,932,905.35
6425,932,906.43
6426,932,905.39
6427,932,923.13
6428,932,903.36
6429,932,917.59
6430,932,924.43
6431,932,913.11
6432,932,910.58
6433,932,897.88
6434,932,912.13
6435,932,916.25
6436,932,915.33
6437,932,925.76
6438,932,903.88
6439,932,911.28
6440,932,916.85
6441,932,915.86
6442,932,907.36
6443,932,897.48
6444,932,912.13
6445,932,910.08
6446,932,906.9
6447,932,901.07
6448,932,910.39
6449,932,922.41
6450,932,913.6
6451,932,915.21
6452,932,923.89
6453,932,920.01
6454,932,909.16
6455,932,913.49
6456,932,912.7
6457,932,912.37
6458,932,918.47
6459,932,920.59
6460,932,921.34
6461,932,904.02
6462,932,916.39
6463,932,913.6
6464,932,909.83
6465,932,914.47
6466,932,918.96
6467,932,897.08
6468,932,918.5
6469,932,916.55
6470,932,910.46
6471,932,901.88
6472,932,903.91
6473,932,922.1
6474,932,912.28
6475,932,913.21
6476,932,905.73
6477,932,925.63
6478,932,914.12
6479,932,912.26
6480,932,907.62
6481,932,924.3
6482,932,912.9
6483,932,917.49
6484,932,916.73
6485,932,907.82
6486,932,920.29
6487,932,914.53
6488,932,915.66
6489,932,912.84
6490,932,911.14
6491,932,909.33
6492,932,920.96
6493,932,914.09
6494,932,911.46
6495,932,918.07
6496,932,908.85
6497,932,908.19
6498,932,914.81
6499,932,907.65
6500,932,917.32
6501,932,925.21
6502,932,917.24
6503,932,909.26
6504,932,916.42
6505,932,916.2
6506,932,919.75
6507,932,923.46
6508,932,892.14
6509,932,919.47
6510,932,921.59
6511,932,905.38
6512,932,906.46
6513,932,906.55
6514,932,917.37
6515,932,919.62
6516,932,908.85
6517,932,916.99
6518,932,916.7
6519,932,915.4
6520,932,918.44
6521,932,899.25
6522,932,920.46
6523,932,914.69
6524,932,913.37
6525,932,908.76
6526,932,906.21
6527,932,913.78
6528,932,912.6
6529,932,916.07
6530,932,919.85
6531,932,901.32
6532,932,907.09
6533,932,918.76
6534,932,915.88
6535,932,905.57
6536,932,917.34
6537,932,906.61
6538,932,912.17
6539,932,922.29
6540,932,897.87
6541,932,897.92
6542,932,902.18
6543,932,921.07
6544,932,920.93
6545,932,920.03
6546,932,917.0
6547,932,909.64
6548,932,915.91
6549,932,910.99
6550,932,910.88
6551,932,919.38
6552,932,906.36
6553,932,912.24
6554,932,909.56
6555,932,906.42
6556,932,908.91
6557,932,898.01
6558,932,902.21
6559,932,909.74
6560,932,907.41
6561,932,923.05
6562,932,913.79
6563,932,922.54
6564,932,919.82
6565,932,916.89
6566,932,911.52
6567,932,913.37
6568,932,919.76
6569,932,898.84
6570,932,895.66
6571,932,913.88
6572,932,916.86
6573,932,913.96
6574,932,924.11
6575,932,920.29
6576,932,905.05
6577,932,917.52
6578,932,918.16
6579,932,903.17
6580,932,921.02
6581,932,915.8
6582,932,910.46
6583,932,923.76
6584,932,922.44
6585,932,910.05
6586,932,908.27
6587,932,921.37
6588,932,923.29
6589,932,903.03
6590,932,917.75
6591,932,909.24
6592,932,918.2
6593,932,911.44
6594,932,923.84
6595,932,914.57
6596,932,910.38
6597,932,918.45
6598,932,914.85
6599,932,907.84
6600,932,899.96
6601,932,920.14
6602,932,922.68
6603,932,907.39
6604,932,910.75
6605,932,904.71
6606,932,903.74
6607,932,915.74
6608,932,919.74
6609,932,913.5
6610,932,905.65
6611,932,902.08
6612,932,917.35
6613,932,920.89
6614,932,912.51
6615,932,916.5
6616,932,913.54
6617,932,913.43
6618,932,920.86
6619,932,912.16
6620,932,903.07
6621,932,913.37
6622,932,920.56
6623,932,904.74
6624,932,909.41
6625,932,911.24
6626,932,922.47
6627,932,903.68
6628,932,916.17
6629,932,899.62
6630,932,916.63
6631,932,908.55
6632,932,919.32
6633,932,917.16
6634,932,911.58
6635,932,919.79
6636,932,920.09
6637,932,907.28
6638,932,895.56
6639,932,909.95
6640,932,906.93
6641,932,904.71
6642,932,916.99
6643,932,910.69
6644,932,911.55
6645,932,917.09
6646,932,921.7
6647,932,913.82
6648,932,916.91
6649,932,905.64
6650,932,902.02
6651,932,907.42
6652,932,916.26
6653,932,916.57
6654,932,911.55
6655,932,896.86
6656,932,914.4
6657,932,900.27
6658,932,923.03
6659,932,917.94
6660,932,912.02
6661,932,908.77
6662,932,916.17
6663,932,912.95
6664,932,907.72
6665,932,910.66
6666,932,912.91
6667,932,908.74
6668,932,913.6
6669,932,919.47
6670,932,916.96
6671,932,912.08
6672,932,911.04
6673,932,916.34
6674,932,926.28
6675,932,918.33
6676,932,920.46
6677,932,909.96
6678,932,909.74
6679,932,918.84
6680,932,913.29
6681,932,909.93
6682,932,909.1
6683,932,909.08
6684,932,917.1
6685,932,922.06
6686,932,919.79
6687,932,899.95
6688,932,911.98
6689,932,922.26
6690,932,914.31
6691,932,918.66
6692,932,922.51
6693,932,929.63
6694,932,918.74
6695,932,911.62
6696,932,912.1
6697,932,915.07
6698,932,916.94
6699,932,922.92
6700,932,912.44
6701,932,906.88
6702,932,916.23
6703,932,922.38
6704,932,912.51
6705,932,901.77
6706,932,914.85
6707,932,908.14
6708,932,906.56
6709,932,910.02
6710,932,908.89
6711,932,908.42
6712,932,919.27
6713,932,922.99
6714,932,906.36
6715,932,911.95
6716,932,912.81
6717,932,919.32
6718,932,912.45
6719,932,920.97
6720,932,908.22
6721,932,911.93
6722,932,922.72
6723,932,916.15
6724,932,918.37
6725,932,918.9
6726,932,916.86
6727,932,921.49
6728,932,904.9
6729,932,917.7
6730,932,905.68
6731,932,912.97
6732,932,912.07
6733,932,920.1
6734,932,914.63
6735,932,918.11
6736,932,921.77
6737,932,914.78
6738,932,910.81
6739,932,922.24
6740,932,905.24
6741,932,918.46
6742,932,917.74
6743,932,920.07
6744,932,908.73
6745,932,912.46
6746,932,908.98
6747,932,913.74
6748,932,909.7
6749,932,913.08
6750,932,914.53
6751,932,913.86
6752,932,902.97
6753,932,918.08
6754,932,910.31
6755,932,921.56
6756,932,912.35
6757,932,913.97
6758,932,918.87
6759,932,908.0
6760,932,896.0
6761,932,912.25
6762,932,921.52
6763,932,912.09
6764,932,906.37
6765,932,910.15
6766,932,910.94
6767,932,924.98
6768,932,909.27
6769,932,903.35
6770,932,909.37
6771,932,911.05
6772,932,913.81
6773,932,930.65
6774,932,904.06
6775,932,911.56
6776,932,918.33
6777,932,903.07
6778,932,908.78
6779,932,914.76
6780,932,914.33
6781,932,911.55
6782,932,920.49
6783,932,903.5
6784,932,916.81
6785,932,897.07
6786,932,902.71
6787,932,910.13
6788,932,905.11
6789,932,908.43
6790,932,915.35
6791,932,913.63
6792,932,906.22
6793,932,909.69
6794,932,922.26
6795,932,911.22
6796,932,912.11
6797,932,913.04
6798,932,918.79
6799,932,915.81
6800,932,913.63
6801,932,911.77
6802,932,912.8
6803,932,923.46
6804,932,916.2
6805,932,908.23
6806,932,919.55
6807,932,915.87
6808,932,917.65
6809,932,902.53
6810,932,915.84
6811,932,914.35
6812,932,912.54
6813,932,909.12
6814,932,896.3
6815,932,903.0
6816,932,912.41
6817,932,913.17
6818,932,904.44
6819,932,915.24
6820,932,911.6
6821,932,914.11
6822,932,909.31
6823,932,907.69
6824,932,916.75
6825,932,913.67
6826,932,913.24
6827,932,910.04
6828,932,910.64
6829,932,913.43
6830,932,920.02
6831,932,916.17
6832,932,910.19
6833,932,910.58
6834,932,914.09
6835,932,915.03
6836,932,920.89
6837,932,920.18
6838,932,915.73
6839,932,911.55
6840,932,914.65
6841,932,922.94
6842,932,923.13
6843,932,918.47
6844,932,914.87
6845,932,917.02
6846,932,921.71
6847,932,895.03
6848,932,903.54
6849,932,914.89
6850,932,912.59
6851,932,916.28
6852,932,908.83
6853,932,914.25
6854,932,913.83
6855,932,928.28
6856,932,918.79
6857,932,920.25
6858,932,904.29
6859,932,910.05
6860,932,914.88
6861,932,903.88
6862,932,919.74
6863,932,920.13
6864,932,898.29
6865,932,918.86
6866,932,909.38
6867,932,908.36
6868,932,899.11
6869,932,904.04
6870,932,900.13
6871,932,911.98
6872,932,912.61
6873,932,912.45
6874,932,904.78
6875,932,916.79
6876,932,923.16
6877,932,903.85
6878,932,909.35
6879,932,903.1
6880,932,904.3
6881,932,913.16
6882,932,905.81
6883,932,917.9
6884,932,913.2
6885,932,922.58
6886,932,919.33
6887,932,919.17
6888,932,926.83
6889,932,916.14
6890,932,921.66
6891,932,911.9
6892,932,908.32
6893,932,914.09
6894,932,917.97
6895,932,911.78
6896,932,925.15
6897,932,908.67
6898,932,922.68
6899,932,912.55
6900,932,911.45
6901,932,917.88
6902,932,907.14
6903,932,905.41
6904,932,919.62
6905,932,907.04
6906,932,911.83
6907,932,919.54
6908,932,916.38
6909,932,904.45
6910,932,920.73
6911,932,907.99
6912,932,905.95
6913,932,924.38
6914,932,914.77
6915,932,914.54
6916,932,919.53
6917,932,908.63
6918,932,920.64
6919,932,908.62
6920,932,915.28
6921,932,913.48
6922,932,919.37
6923,932,914.55
6924,932,912.75
6925,932,913.31
6926,932,912.81
6927,932,919.99
6928,932,900.38
6929,932,916.72
6930,932,906.24
6931,932,911.55
6932,932,917.62
6933,932,918.12
6934,932,913.81
6935,932,889.27
6936,932,916.56
6937,932,911.56
6938,932,915.96
6939,932,916.96
6940,932,901.47
6941,932,905.99
6942,932,915.37
6943,932,896.39
6944,932,894.03
6945,932,906.86
6946,932,907.67
6947,932,924.31
6948,932,913.56
6949,932,916.82
6950,932,904.91
6951,932,920.89
6952,932,919.04
6953,932,912.66
6954,932,920.42
6955,932,901.84
6956,932,907.21
6957,932,919.39
6958,932,923.19
6959,932,917.99
6960,932,916.72
6961,932,908.16
6962,932,918.07
6963,932,912.23
6964,932,915.47
6965,932,906.13
6966,932,906.22
6967,932,908.5
6968,932,915.3
6969,932,918.8
6970,932,915.6
6971,932,918.5
6972,932,907.43
6973,932,921.13
6974,932,919.79
6975,932,909.25
6976,932,920.52
6977,932,918.69
6978,932,910.97
6979,932,910.31
6980,932,903.41
6981,932,917.1
6982,932,915.25
6983,932,917.34
6984,932,919.28
6985,932,911.56
6986,932,913.03
6987,932,909.73
6988,932,909.24
6989,932,907.81
6990,932,904.74
6991,932,920.01
6992,932,921.69
6993,932,912.63
6994,932,900.98
6995,932,910.87
6996,932,905.65
6997,932,919.39
6998,932,917.57
6999,932,919.62
7000,932,909.3
7001,932,916.09
7002,932,921.51
7003,932,917.24
7004,932,907.47
7005,932,909.89
7006,932,919.89
7007,932,918.49
7008,932,917.21
7009,932,918.48
7010,932,914.3
7011,932,922.86
7012,932,913.18
7013,932,907.1
7014,932,893.76
7015,932,917.15
7016,932,913.22
7017,932,907.3
7018,932,899.87
7019,932,915.08
7020,932,922.13
7021,932,903.85
7022,932,908.95
7023,932,899.74
7024,932,907.96
7025,932,913.33
7026,932,916.49
7027,932,912.82
7028,932,912.04
7029,932,909.72
7030,932,909.89
7031,932,918.43
7032,932,912.05
7033,932,915.59
7034,932,918.53
7035,932,920.8
7036,932,908.84
7037,932,905.78
7038,932,910.99
7039,932,917.82
7040,932,918.19
7041,932,899.65
7042,932,911.03
7043,932,914.86
7044,932,921.56
7045,932,904.08
7046,932,923.14
7047,932,901.01
7048,932,900.54
7049,932,901.87
7050,932,913.48
7051,932,911.84
7052,932,896.41
7053,932,898.54
7054,932,913.31
7055,932,908.31
7056,932,907.58
7057,932,911.17
7058,932,923.45
7059,932,907.57
7060,932,913.77
7061,932,906.63
7062,932,917.35
7063,932,894.84
7064,932,911.73
7065,932,907.23
7066,932,917.14
7067,932,914.35
7068,932,913.95
7069,932,916.56
7070,932,913.45
7071,932,921.96
7072,932,916.1
7073,932,904.89
7074,932,911.07
7075,932,906.45
7076,932,914.3
7077,932,913.61
7078,932,915.78
7079,932,920.09
7080,932,903.79
7081,932,922.44
7082,932,909.0
7083,932,919.38
7084,932,912.39
7085,932,911.71
7086,932,905.02
7087,932,915.81
7088,932,913.27
7089,932,915.64
7090,932,917.98
7091,932,918.56
7092,932,908.45
7093,932,914.36
7094,932,920.84
7095,932,904.88
7096,932,900.57
7097,932,918.27
7098,932,911.23
7099,932,905.81
7100,932,916.07
7101,932,903.12
7102,932,905.95
7103,932,925.31
7104,932,924.31
7105,932,910.38
7106,932,907.19
7107,932,912.28
7108,932,906.59
7109,932,923.02
7110,932,911.98
7111,932,914.0
7112,932,917.61
7113,932,908.49
7114,932,914.15
7115,932,916.55
7116,932,911.46
7117,932,903.42
7118,932,910.16
7119,932,907.18
7120,932,914.21
7121,932,917.96
7122,932,914.1
7123,932,909.08
7124,932,910.92
7125,932,922.21
7126,932,909.49
7127,932,897.83
7128,932,909.63
7129,932,919.49
7130,932,913.95
7131,932,918.1
7132,932,895.59
7133,932,880.28
7134,932,919.64
7135,932,919.29
7136,932,912.23
7137,932,908.64
7138,932,914.69
7139,932,912.68
7140,932,916.39
7141,932,914.78
7142,932,912.77
7143,932,909.5
7144,932,917.42
7145,932,908.23
7146,932,909.32
7147,932,910.98
7148,932,920.48
7149,932,919.86
7150,932,915.48
7151,932,914.69
7152,932,912.4
7153,932,906.37
7154,932,914.75
7155,932,907.45
7156,932,918.71
7157,932,921.96
7158,932,921.73
7159,932,916.21
7160,932,902.26
7161,932,915.03
7162,932,904.89
7163,932,912.08
7164,932,908.34
7165,932,912.7
7166,932,923.51
7167,932,917.93
7168,932,923.79
7169,932,911.93
7170,932,906.37
7171,932,912.7
7172,932,921.41
7173,932,917.89
7174,932,920.24
7175,932,901.81
7176,932,917.15
7177,932,916.17
7178,932,892.18
7179,932,918.01
7180,932,901.72
7181,932,911.23
7182,932,909.76
7183,932,920.57
7184,932,906.32
7185,932,913.16
7186,932,910.53
7187,932,918.48
7188,932,912.25
7189,932,898.68
7190,932,914.17
7191,932,919.17
7192,932,915.05
7193,932,920.09
7194,932,913.35
7195,932,911.94
7196,932,919.36
7197,932,924.33
7198,932,908.53
7199,932,925.98
7200,932,912.82
7201,932,917.66
7202,932,908.17
7203,932,916.29
7204,932,917.84
7205,932,897.94
7206,932,918.25
7207,932,917.89
7208,932,911.48
7209,932,899.07
7210,932,915.41
7211,932,909.64
7212,932,915.35
7213,932,925.46
7214,932,913.76
7215,932,915.47
7216,932,905.19
7217,932,911.47
7218,932,911.72
7219,932,905.28
7220,932,896.2
7221,932,910.83
7222,932,906.66
7223,932,908.46
7224,932,910.84
7225,932,907.47
7226,932,909.18
7227,932,904.21
7228,932,923.27
7229,932,918.84
7230,932,908.37
7231,932,911.72
7232,932,906.29
7233,932,900.61
7234,932,911.11
7235,932,920.67
7236,932,917.16
7237,932,917.35
7238,932,902.08
7239,932,911.98
7240,932,913.93
7241,932,903.82
7242,932,920.85
7243,932,919.45
7244,932,921.38
7245,932,915.5
7246,932,905.97
7247,932,916.12
7248,932,914.23
7249,932,915.09
7250,932,916.69
7251,932,906.44
7252,932,919.52
7253,932,900.53
7254,932,893.76
7255,932,909.69
7256,932,908.51
7257,932,902.54
7258,932,912.43
7259,932,918.97
7260,932,915.22
7261,932,920.26
7262,932,909.09
7263,932,914.34
7264,932,924.13
7265,932,905.94
7266,932,911.95
7267,932,918.15
7268,932,922.86
7269,932,910.62
7270,932,912.94
7271,932,911.97
7272,932,918.16
7273,932,903.82
7274,932,897.19
7275,932,919.6
7276,932,910.32
7277,932,909.6
7278,932,920.14
7279,932,889.67
7280,932,920.33
7281,932,906.92
7282,932,919.26
7283,932,910.02
7284,932,914.91
7285,932,925.11
7286,932,905.25
7287,932,921.34
7288,932,911.24
7289,932,914.55
7290,932,925.19
7291,932,899.08
7292,932,908.89
7293,932,908.56
7294,932,912.51
7295,932,908.75
7296,932,907.45
7297,932,914.93
7298,932,919.0
7299,932,921.14
7300,932,910.81
7301,932,908.13
7302,932,912.9
7303,932,906.79
7304,932,917.81
7305,932,919.83
7306,932,909.59
7307,932,914.0
7308,932,916.87
7309,932,909.31
7310,932,911.73
7311,932,916.15
7312,932,915.83
7313,932,916.22
7314,932,912.19
7315,932,911.28
7316,932,913.3
7317,932,910.08
7318,932,898.93
7319,932,922.51
7320,932,911.54
7321,932,915.34
7322,932,909.99
7323,932,916.09
7324,932,911.78
7325,932,908.72
7326,932,914.38
7327,932,915.88
7328,932,916.57
7329,932,919.0
7330,932,917.46
7331,932,917.82
7332,932,914.2
7333,932,915.17
7334,932,904.14
7335,932,911.12
7336,932,918.31
7337,932,901.76
7338,932,903.5
7339,932,914.17
7340,932,916.33
7341,932,915.74
7342,932,920.82
7343,932,915.07
7344,932,908.99
7345,932,913.98
7346,932,913.48
7347,932,926.14
7348,932,912.18
7349,932,913.46
7350,932,920.54
7351,932,912.83
7352,932,912.07
7353,932,916.62
7354,932,908.0
7355,932,912.0
7356,932,915.1
7357,932,916.7
7358,932,919.39
7359,932,905.32
7360,932,914.22
7361,932,908.66
7362,932,923.24
7363,932,905.11
7364,932,912.43
7365,932,913.39
7366,932,917.23
7367,932,913.76
7368,932,918.98
7369,932,908.51
7370,932,909.55
7371,932,916.83
7372,932,910.93
7373,932,904.26
7374,932,899.39
7375,932,898.14
7376,932,913.32
7377,932,896.6
7378,932,908.81
7379,932,913.26
7380,932,910.99
7381,932,903.17
7382,932,920.41
7383,932,912.77
7384,932,921.14
7385,932,917.09
7386,932,907.54
7387,932,923.98
7388,932,906.15
7389,932,914.15
7390,932,915.45
7391,932,911.16
7392,932,893.14
7393,932,920.04
7394,932,919.04
7395,932,919.42
7396,932,897.39
7397,932,907.41
7398,932,916.03
7399,932,917.06
7400,932,920.11
7401,932,914.78
7402,932,913.39
7403,932,917.44
7404,932,911.82
7405,932,914.33
7406,932,916.75
7407,932,911.0
7408,932,916.77
7409,932,907.14
7410,932,908.84
7411,932,913.1
7412,932,918.35
7413,932,914.0
7414,932,907.03
7415,932,907.22
7416,932,915.28
7417,932,911.78
7418,932,908.12
7419,932,911.82
7420,932,917.75
7421,932,920.37
7422,932,912.8
7423,932,904.18
7424,932,913.68
7425,932,902.15
7426,932,914.65
7427,932,914.5
7428,932,905.57
7429,932,922.96
7430,932,914.77
7431,932,916.14
7432,932,906.43
7433,932,914.92
7434,932,913.48
7435,932,917.47
7436,932,917.9
7437,932,921.57
7438,932,912.7
7439,932,913.85
7440,932,908.63
7441,932,908.96
7442,932,903.57
7443,932,907.89
7444,932,921.29
7445,932,915.29
7446,932,912.73
7447,932,909.76
7448,932,911.0
7449,932,911.28
7450,932,915.61
7451,932,917.88
7452,932,920.26
7453,932,911.89
7454,932,920.69
7455,932,916.23
7456,932,895.73
7457,932,914.12
7458,932,919.74
7459,932,916.83
7460,932,912.31
7461,932,913.13
7462,932,916.25
7463,932,916.53
7464,932,921.52
7465,932,917.91
7466,932,899.31
7467,932,897.66
7468,932,911.35
7469,932,906.0
7470,932,919.0
7471,932,913.96
7472,932,908.78
7473,932,908.43
7474,932,909.39
7475,932,915.51
7476,932,915.01
7477,932,909.3
7478,932,926.66
7479,932,908.7
7480,932,899.5
7481,932,906.05
7482,932,915.06
7483,932,916.94
7484,932,916.87
7485,932,919.92
7486,932,907.44
7487,932,919.53
7488,932,904.26
7489,932,920.25
7490,932,919.14
7491,932,915.03
7492,932,904.39
7493,932,916.53
7494,932,920.34
7495,932,901.52
7496,932,914.29
7497,932,919.14
7498,932,904.53
7499,932,910.93
7500,932,914.65
7501,932,912.8
7502,932,900.34
7503,932,909.86
7504,932,908.41
7505,932,914.45
7506,932,914.49
7507,932,908.97
7508,932,925.85
7509,932,901.78
7510,932,913.16
7511,932,919.55
7512,932,914.24
7513,932,906.14
7514,932,904.07
7515,932,909.78
7516,932,912.0
7517,932,902.92
7518,932,908.66
7519,932,921.93
7520,932,918.47
7521,932,911.52
7522,932,902.16
7523,932,908.8
7524,932,918.5
7525,932,917.49
7526,932,905.91
7527,932,923.39
7528,932,919.27
7529,932,909.62
7530,932,918.72
7531,932,908.36
7532,932,910.58
7533,932,917.04
7534,932,910.6
7535,932,915.42
7536,932,906.42
7537,932,907.64
7538,932,919.05
7539,932,912.4
7540,932,908.33
7541,932,892.79
7542,932,906.87
7543,932,910.46
7544,932,914.94
7545,932,910.0
7546,932,910.4
7547,932,908.94
7548,932,915.67
7549,932,901.89
7550,932,921.59
7551,932,915.98
7552,932,916.49
7553,932,905.68
7554,932,907.52
7555,932,912.39
7556,932,910.29
7557,932,900.67
7558,932,910.2
7559,932,908.98
7560,932,914.15
7561,932,911.82
7562,932,903.07
7563,932,914.14
7564,932,910.54
7565,932,919.53
7566,932,922.57
7567,932,924.21
7568,932,902.26
7569,932,920.06
7570,932,911.73
7571,932,922.76
7572,932,913.44
7573,932,919.03
7574,932,909.47
7575,932,903.95
7576,932,912.73
7577,932,913.64
7578,932,910.78
7579,932,922.67
7580,932,924.86
7581,932,911.52
7582,932,915.64
7583,932,914.64
7584,932,915.62
7585,932,902.53
7586,932,906.28
7587,932,906.91
7588,932,915.1
7589,932,914.57
7590,932,915.81
7591,932,909.04
7592,932,917.52
7593,932,912.21
7594,932,913.26
7595,932,912.64
7596,932,911.14
7597,932,923.97
7598,932,913.24
7599,932,912.78
7600,932,918.43
7601,932,910.65
7602,932,913.55
7603,932,910.58
7604,932,907.45
7605,932,919.33
7606,932,919.23
7607,932,915.18
7608,932,901.65
7609,932,907.3
7610,932,912.12
7611,932,921.12
7612,932,899.14
7613,932,917.52
7614,932,915.45
7615,932,923.93
7616,932,910.18
7617,932,906.21
7618,932,915.63
7619,932,910.13
7620,932,906.92
7621,932,917.88
7622,932,914.8
7623,932,899.68
7624,932,915.05
7625,932,922.04
7626,932,904.44
7627,932,911.75
7628,932,921.97
7629,932,909.45
7630,932,912.67
7631,932,912.95
7632,932,916.35
7633,932,918.4
7634,932,901.44
7635,932,920.37
7636,932,915.62
7637,932,917.28
7638,932,910.93
7639,932,914.13
7640,932,911.83
7641,932,924.31
7642,932,920.19
7643,932,908.11
7644,932,916.33
7645,932,921.95
7646,932,893.15
7647,932,915.0
7648,932,908.75
7649,932,902.84
7650,932,897.81
7651,932,907.15
7652,932,913.25
7653,932,900.1
7654,932,913.83
7655,932,916.12
7656,932,925.31
7657,932,909.98
7658,932,911.17
7659,932,916.25
7660,932,909.54
7661,932,907.16
7662,932,901.0
7663,932,914.81
7664,932,915.6
7665,932,917.98
7666,932,909.4
7667,932,912.14
7668,932,919.08
7669,932,922.31
7670,932,919.72
7671,932,915.72
7672,932,903.78
7673,932,901.95
7674,932,902.53
7675,932,919.42
7676,932,911.59
7677,932,915.8
7678,932,917.37
7679,932,889.43
7680,932,912.55
7681,932,917.63
7682,932,913.85
7683,932,910.85
7684,932,910.05
7685,932,909.8
7686,932,907.78
7687,932,913.3
7688,932,902.59
7689,932,907.93
7690,932,918.15
7691,932,915.29
7692,932,915.41
7693,932,912.21
7694,932,904.92
7695,932,899.56
7696,932,885.14
7697,932,919.26
7698,932,911.53
7699,932,922.75
7700,932,915.86
7701,932,911.32
7702,932,920.76
7703,932,915.85
7704,932,908.74
7705,932,912.05
7706,932,914.38
7707,932,915.3
7708,932,910.42
7709,932,918.43
7710,932,912.14
7711,932,910.83
7712,932,892.49
7713,932,904.9
7714,932,913.47
7715,932,908.24
7716,932,915.4
7717,932,912.99
7718,932,905.48
7719,932,917.77
7720,932,922.96
7721,932,913.01
7722,932,913.08
7723,932,913.34
7724,932,907.77
7725,932,910.02
7726,932,917.0
7727,932,914.75
7728,932,909.91
7729,932,907.38
7730,932,914.01
7731,932,918.03
7732,932,915.67
7733,932,905.42
7734,932,901.48
7735,932,908.4
7736,932,913.2
7737,932,921.66
7738,932,906.43
7739,932,903.76
7740,932,913.56
7741,932,920.16
7742,932,916.66
7743,932,916.95
7744,932,904.1
7745,932,910.45
7746,932,904.07
7747,932,926.23
7748,932,908.75
7749,932,908.37
7750,932,902.46
7751,932,909.75
7752,932,918.15
7753,932,899.59
7754,932,897.93
7755,932,910.53
7756,932,903.16
7757,932,906.97
7758,932,902.2
7759,932,912.39
7760,932,923.99
7761,932,906.54
7762,932,914.66
7763,932,911.48
7764,932,912.81
7765,932,922.26
7766,932,909.47
7767,932,926.68
7768,932,921.83
7769,932,909.29
7770,932,917.47
7771,932,903.13
7772,932,909.07
7773,932,920.1
7774,932,910.61
7775,932,898.29
7776,932,918.2
7777,932,903.82
7778,932,917.26
7779,932,915.27
7780,932,906.01
7781,932,913.52
7782,932,903.63
7783,932,905.35
7784,932,916.07
7785,932,903.47
7786,932,897.14
7787,932,907.35
7788,932,913.59
7789,932,908.49
7790,932,916.48
7791,932,904.86
7792,932,908.16
7793,932,917.19
7794,932,914.16
7795,932,914.88
7796,932,913.23
7797,932,917.3
7798,932,919.6
7799,932,918.21
7800,932,917.94
7801,932,905.97
7802,932,916.04
7803,932,924.39
7804,932,907.93
7805,932,896.11
7806,932,922.17
7807,932,916.55
7808,932,910.78
7809,932,924.56
7810,932,896.6
7811,932,918.22
7812,932,909.49
7813,932,904.51
7814,932,916.08
7815,932,893.3
7816,932,916.72
7817,932,917.99
7818,932,917.87
7819,932,917.46
7820,932,921.16
7821,932,919.76
7822,932,921.51
7823,932,916.59
7824,932,906.1
7825,932,920.71
7826,932,910.86
7827,932,921.04
7828,932,912.09
7829,932,906.61
7830,932,907.34
7831,932,916.14
7832,932,905.04
7833,932,900.57
7834,932,916.54
7835,932,920.17
7836,932,914.27
7837,932,902.03
7838,932,915.05
7839,932,914.19
7840,932,919.3
7841,932,911.82
7842,932,923.01
7843,932,915.11
7844,932,900.13
7845,932,906.65
7846,932,916.04
7847,932,916.25
7848,932,908.35
7849,932,916.6
7850,932,912.88
7851,932,901.87
7852,932,914.03
7853,932,917.02
7854,932,909.26
7855,932,909.29
7856,932,917.65
7857,932,924.11
7858,932,924.72
7859,932,906.55
7860,932,911.0
7861,932,921.34
7862,932,904.19
7863,932,890.68
7864,932,904.47
7865,932,910.33
7866,932,898.61
7867,932,902.79
7868,932,906.37
7869,932,912.05
7870,932,913.45
7871,932,912.24
7872,932,901.19
7873,932,907.91
7874,932,924.46
7875,932,925.18
7876,932,916.82
7877,932,918.57
7878,932,912.14
7879,932,918.07
7880,932,924.14
7881,932,921.49
7882,932,909.0
7883,932,914.95
7884,932,913.48
7885,932,910.75
7886,932,903.32
7887,932,920.12
7888,932,913.28
7889,932,906.28
7890,932,902.79
7891,932,915.38
7892,932,911.04
7893,932,915.68
7894,932,906.79
7895,932,909.31
7896,932,910.04
7897,932,914.85
7898,932,905.45
7899,932,913.35
7900,932,910.66
7901,932,917.37
7902,932,915.11
7903,932,916.04
7904,932,908.35
7905,932,921.82
7906,932,912.07
7907,932,919.07
7908,932,914.58
7909,932,900.64
7910,932,925.73
7911,932,892.45
7912,932,915.99
7913,932,914.97
7914,932,909.54
7915,932,912.63
7916,932,893.64
7917,932,906.56
7918,932,914.51
7919,932,918.77
7920,932,914.38
7921,932,917.41
7922,932,927.03
7923,932,906.94
7924,932,914.46
7925,932,917.3
7926,932,917.44
7927,932,906.94
7928,932,910.76
7929,932,918.01
7930,932,911.93
7931,932,903.0
7932,932,914.81
7933,932,916.8
7934,932,914.55
7935,932,918.36
7936,932,911.72
7937,932,909.51
7938,932,905.34
7939,932,907.05
7940,932,909.7
7941,932,904.48
7942,932,918.97
7943,932,918.87
7944,932,915.47
7945,932,917.87
7946,932,920.71
7947,932,912.57
7948,932,900.47
7949,932,914.59
7950,932,920.23
7951,932,911.55
7952,932,915.75
7953,932,911.01
7954,932,906.37
7955,932,915.78
7956,932,901.76
7957,932,911.28
7958,932,909.1
7959,932,921.88
7960,932,900.5
7961,932,905.05
7962,932,906.37
7963,932,917.5
7964,932,914.3
7965,932,922.03
7966,932,921.03
7967,932,897.83
7968,932,921.11
7969,932,924.26
7970,932,916.0
7971,932,916.5
7972,932,915.3
7973,932,921.71
7974,932,907.35
7975,932,917.0
7976,932,905.88
7977,932,906.06
7978,932,919.65
7979,932,903.93
7980,932,912.69
7981,932,905.07
7982,932,909.53
7983,932,918.64
7984,932,912.11
7985,932,913.38
7986,932,913.08
7987,932,917.94
7988,932,918.88
7989,932,898.96
7990,932,908.18
7991,932,906.18
7992,932,903.22
7993,932,914.82
7994,932,900.89
7995,932,912.26
7996,932,914.41
7997,932,912.59
7998,932,923.73
7999,932,913.63
8000,932,909.54
8001,932,913.88
8002,932,908.96
8003,932,907.39
8004,932,915.47
8005,932,919.99
8006,932,919.6
8007,932,901.12
8008,932,921.3
8009,932,918.66
8010,932,919.62
8011,932,926.8
8012,932,922.16
8013,932,908.59
8014,932,920.37
8015,932,907.69
8016,932,901.93
8017,932,914.66
8018,932,912.26
8019,932,913.58
8020,932,911.2
8021,932,909.39
8022,932,927.43
8023,932,914.45
8024,932,921.97
8025,932,904.0
8026,932,907.83
8027,932,908.27
8028,932,918.19
8029,932,915.02
8030,932,910.28
8031,932,917.27
8032,932,911.62
8033,932,922.56
8034,932,911.4
8035,932,911.89
8036,932,906.58
8037,932,902.18
8038,932,908.3
8039,932,913.73
8040,932,906.3
8041,932,923.6
8042,932,918.74
8043,932,922.62
8044,932,911.3
8045,932,904.88
8046,932,919.64
8047,932,922.26
8048,932,900.95
8049,932,913.89
8050,932,921.12
8051,932,905.96
8052,932,913.75
8053,932,913.43
8054,932,922.54
8055,932,918.37
8056,932,920.12
8057,932,917.55
8058,932,908.9
8059,932,923.47
8060,932,910.83
8061,932,910.1
8062,932,919.87
8063,932,921.51
8064,932,913.87
8065,932,928.55
8066,932,921.11
8067,932,906.97
8068,932,916.73
8069,932,921.7
8070,932,913.31
8071,932,916.09
8072,932,922.57
8073,932,915.6
8074,932,906.65
8075,932,922.61
8076,932,914.53
8077,932,917.91
8078,932,901.04
8079,932,898.67
8080,932,914.99
8081,932,924.24
8082,932,901.84
8083,932,918.85
8084,932,921.11
8085,932,914.51
8086,932,899.94
8087,932,904.61
8088,932,907.72
8089,932,912.67
8090,932,915.57
8091,932,916.11
8092,932,900.61
8093,932,908.79
8094,932,923.19
8095,932,915.42
8096,932,903.89
8097,932,907.96
8098,932,917.25
8099,932,911.8
8100,932,903.41
8101,932,908.78
8102,932,924.23
8103,932,913.1
8104,932,908.35
8105,932,908.47
8106,932,916.75
8107,932,921.02
8108,932,914.77
8109,932,910.89
8110,932,926.46
8111,932,910.55
8112,932,917.84
8113,932,906.93
8114,932,907.66
8115,932,913.75
8116,932,921.34
8117,932,923.14
8118,932,914.24
8119,932,910.91
8120,932,908.73
8121,932,912.9
8122,932,920.81
8123,932,916.99
8124,932,916.36
8125,932,919.28
8126,932,905.35
8127,932,924.29
8128,932,913.59
8129,932,909.59
8130,932,916.91
8131,932,914.59
8132,932,911.31
8133,932,911.76
8134,932,914.53
8135,932,916.55
8136,932,909.29
8137,932,897.79
8138,932,914.9
8139,932,907.25
8140,932,905.89
8141,932,917.7
8142,932,919.45
8143,932,908.17
8144,932,920.04
8145,932,924.51
8146,932,923.64
8147,932,907.39
8148,932,917.55
8149,932,912.42
8150,932,906.31
8151,932,917.32
8152,932,898.64
8153,932,907.84
8154,932,920.86
8155,932,909.03
8156,932,911.01
8157,932,906.5
8158,932,913.52
8159,932,912.79
8160,932,916.69
8161,932,917.37
8162,932,919.89
8163,932,922.19
8164,932,895.53
8165,932,896.71
8166,932,906.1
8167,932,912.21
8168,932,909.84
8169,932,912.57
8170,932,904.21
8171,932,919.49
8172,932,903.44
8173,932,915.17
8174,932,916.57
8175,932,911.82
8176,932,920.28
8177,932,905.02
8178,932,898.79
8179,932,916.17
8180,932,915.85
8181,932,906.7
8182,932,917.35
8183,932,915.1
8184,932,915.05
8185,932,909.3
8186,932,922.81
8187,932,908.78
8188,932,912.54
8189,932,910.24
8190,932,915.68
8191,932,916.65
8192,932,912.5
8193,932,914.79
8194,932,900.99
8195,932,904.47
8196,932,920.35
8197,932,906.39
8198,932,907.26
8199,932,910.48
8200,932,917.87
8201,932,905.17
8202,932,908.88
8203,932,910.83
8204,932,914.64
8205,932,914.41
8206,932,891.61
8207,932,914.07
8208,932,917.32
8209,932,905.83
8210,932,917.38
8211,932,917.72
8212,932,906.61
8213,932,906.94
8214,932,921.06
8215,932,912.23
8216,932,918.5
8217,932,927.63
8218,932,917.58
8219,932,922.26
8220,932,918.13
8221,932,914.38
8222,932,922.64
8223,932,915.63
8224,932,904.54
8225,932,917.12
8226,932,917.34
8227,932,887.21
8228,932,904.97
8229,932,917.71
8230,932,925.53
8231,932,916.22
8232,932,921.66
8233,932,907.98
8234,932,921.82
8235,932,916.12
8236,932,907.56
8237,932,903.96
8238,932,908.25
8239,932,914.27
8240,932,905.44
8241,932,893.72
8242,932,911.81
8243,932,901.79
8244,932,916.35
8245,932,912.24
8246,932,917.2
8247,932,912.5
8248,932,922.39
8249,932,900.3
8250,932,917.4
8251,932,920.5
8252,932,919.89
8253,932,910.04
8254,932,917.31
8255,932,919.74
8256,932,908.5
8257,932,904.26
8258,932,913.35
8259,932,903.73
8260,932,915.33
8261,932,892.18
8262,932,917.25
8263,932,883.19
8264,932,887.41
8265,932,903.67
8266,932,914.85
8267,932,906.24
8268,932,914.45
8269,932,919.98
8270,932,907.37
8271,932,914.6
8272,932,917.13
8273,932,900.67
8274,932,911.92
8275,932,925.11
8276,932,923.74
8277,932,905.26
8278,932,918.83
8279,932,918.22
8280,932,900.11
8281,932,916.93
8282,932,921.42
8283,932,915.36
8284,932,916.7
8285,932,913.69
8286,932,914.18
8287,932,909.58
8288,932,909.68
8289,932,915.57
8290,932,911.9
8291,932,910.65
8292,932,911.61
8293,932,908.79
8294,932,909.92
8295,932,914.12
8296,932,900.57
8297,932,913.85
8298,932,913.78
8299,932,912.67
8300,932,914.79
8301,932,908.05
8302,932,899.59
8303,932,912.42
8304,932,923.91
8305,932,916.78
8306,932,901.69
8307,932,915.52
8308,932,909.44
8309,932,904.26
8310,932,920.16
8311,932,910.61
8312,932,915.25
8313,932,922.94
8314,932,918.07
8315,932,913.45
8316,932,909.25
8317,932,905.9
8318,932,916.21
8319,932,921.28
8320,932,922.98
8321,932,919.47
8322,932,922.92
8323,932,923.44
8324,932,919.37
8325,932,911.98
8326,932,923.07
8327,932,926.05
8328,932,920.03
8329,932,899.43
8330,932,909.22
8331,932,907.51
8332,932,919.19
8333,932,913.67
8334,932,909.25
8335,932,912.24
8336,932,912.33
8337,932,906.15
8338,932,913.49
8339,932,906.04
8340,932,907.07
8341,932,917.37
8342,932,919.07
8343,932,918.2
8344,932,916.85
8345,932,915.98
8346,932,907.61
8347,932,909.58
8348,932,901.2
8349,932,908.89
8350,932,913.01
8351,932,918.69
8352,932,918.24
8353,932,925.01
8354,932,908.09
8355,932,920.04
8356,932,915.82
8357,932,913.73
8358,932,908.8
8359,932,912.37
8360,932,913.69
8361,932,911.43
8362,932,913.66
8363,932,919.71
8364,932,907.31
8365,932,915.12
8366,932,919.25
8367,932,919.37
8368,932,908.75
8369,932,914.39
8370,932,914.78
8371,932,906.38
8372,932,918.43
8373,932,913.71
8374,932,917.28
8375,932,912.31
8376,932,906.53
8377,932,907.59
8378,932,901.96
8379,932,922.15
8380,932,918.17
8381,932,918.58
8382,932,903.71
8383,932,918.0
8384,932,913.23
8385,932,919.36
8386,932,922.72
8387,932,918.13
8388,932,917.62
8389,932,917.34
8390,932,906.5
8391,932,919.02
8392,932,922.54
8393,932,909.91
8394,932,911.58
8395,932,915.11
8396,932,916.08
8397,932,911.27
8398,932,913.69
8399,932,922.93
8400,932,902.3
8401,932,918.31
8402,932,915.07
8403,932,916.2
8404,932,907.15
8405,932,911.52
8406,932,914.23
8407,932,919.4
8408,932,926.91
8409,932,906.05
8410,932,907.44
8411,932,911.28
8412,932,901.54
8413,932,905.33
8414,932,921.81
8415,932,921.86
8416,932,916.73
8417,932,910.98
8418,932,905.34
8419,932,900.31
8420,932,921.02
8421,932,899.22
8422,932,921.67
8423,932,907.29
8424,932,910.77
8425,932,904.59
8426,932,908.87
8427,932,909.77
8428,932,918.1
8429,932,917.87
8430,932,909.54
8431,932,917.72
8432,932,904.41
8433,932,911.56
8434,932,918.82
8435,932,910.63
8436,932,911.01
8437,932,927.11
8438,932,920.31
8439,932,914.5
8440,932,912.6
8441,932,909.79
8442,932,924.78
8443,932,909.31
8444,932,915.52
8445,932,920.29
8446,932,918.05
8447,932,907.65
8448,932,908.31
8449,932,920.4
8450,932,910.71
8451,932,912.38
8452,932,907.16
8453,932,904.42
8454,932,924.84
8455,932,908.94
8456,932,912.23
8457,932,921.41
8458,932,910.01
8459,932,915.37
8460,932,920.36
8461,932,925.96
8462,932,916.55
8463,932,910.72
8464,932,913.9
8465,932,906.17
8466,932,922.49
8467,932,908.24
8468,932,920.69
8469,932,918.84
8470,932,901.62
8471,932,897.12
8472,932,919.46
8473,932,921.66
8474,932,918.4
8475,932,908.12
8476,932,901.12
8477,932,918.48
8478,932,910.2
8479,932,909.03
8480,932,915.68
8481,932,908.77
8482,932,916.81
8483,932,922.16
8484,932,920.87
8485,932,921.98
8486,932,908.88
8487,932,910.91
8488,932,902.33
8489,932,903.89
8490,932,910.98
8491,932,919.82
8492,932,898.84
8493,932,905.74
8494,932,918.23
8495,932,914.98
8496,932,920.02
8497,932,909.21
8498,932,907.21
8499,932,909.56
8500,932,909.34
8501,932,909.99
8502,932,906.59
8503,932,918.87
8504,932,914.39
8505,932,919.05
8506,932,915.17
8507,932,916.55
8508,932,903.74
8509,932,915.93
8510,932,915.42
8511,932,914.02
8512,932,908.19
8513,932,916.39
8514,932,916.33
8515,932,910.88
8516,932,916.75
8517,932,912.78
8518,932,907.8
8519,932,923.28
8520,932,916.58
8521,932,908.4
8522,932,920.35
8523,932,915.38
8524,932,916.31
8525,932,913.08
8526,932,918.09
8527,932,914.0
8528,932,909.4
8529,932,914.27
8530,932,892.18
8531,932,903.1
8532,932,914.49
8533,932,919.53
8534,932,907.38
8535,932,914.33
8536,932,906.52
8537,932,908.54
8538,932,908.57
8539,932,914.27
8540,932,905.71
8541,932,919.68
8542,932,917.73
8543,932,906.44
8544,932,915.72
8545,932,913.96
8546,932,916.26
8547,932,916.75
8548,932,910.01
8549,932,895.52
8550,932,920.89
8551,932,916.46
8552,932,906.7
8553,932,906.47
8554,932,914.24
8555,932,909.62
8556,932,912.33
8557,932,923.02
8558,932,909.23
8559,932,924.69
8560,932,907.19
8561,932,922.37
8562,932,919.14
8563,932,920.16
8564,932,911.68
8565,932,919.17
8566,932,887.18
8567,932,908.15
8568,932,909.02
8569,932,897.63
8570,932,919.02
8571,932,913.84
8572,932,920.04
8573,932,917.6
8574,932,910.1
8575,932,909.07
8576,932,912.46
8577,932,916.22
8578,932,914.03
8579,932,921.92
8580,932,917.68
8581,932,918.19
8582,932,919.56
8583,932,908.64
8584,932,870.72
8585,932,914.02
8586,932,916.91
8587,932,921.27
8588,932,910.56
8589,932,920.19
8590,932,904.44
8591,932,919.18
8592,932,917.7
8593,932,902.44
8594,932,910.45
8595,932,918.55
8596,932,909.33
8597,932,921.91
8598,932,926.51
8599,932,918.81
8600,932,916.23
8601,932,918.31
8602,932,912.42
8603,932,901.4
8604,932,915.61
8605,932,915.94
8606,932,918.39
8607,932,921.69
8608,932,923.48
8609,932,919.42
8610,932,899.68
8611,932,907.38
8612,932,911.12
8613,932,921.24
8614,932,914.03
8615,932,924.83
8616,932,909.07
8617,932,917.68
8618,932,913.23
8619,932,912.92
8620,932,916.44
8621,932,911.58
8622,932,915.04
8623,932,915.3
8624,932,913.51
8625,932,917.0
8626,932,921.42
8627,932,912.62
8628,932,915.96
8629,932,913.4
8630,932,914.7
8631,932,910.7
8632,932,918.76
8633,932,909.64
8634,932,900.58
8635,932,906.25
8636,932,921.97
8637,932,917.28
8638,932,908.52
8639,932,919.1
8640,932,920.91
8641,932,915.15
8642,932,907.56
8643,932,915.04
8644,932,911.47
8645,932,917.59
8646,932,904.5
8647,932,908.78
8648,932,915.36
8649,932,907.29
8650,932,910.5
8651,932,922.36
8652,932,914.46
8653,932,909.98
8654,932,906.38
8655,932,920.26
8656,932,918.54
8657,932,916.25
8658,932,911.44
8659,932,922.52
8660,932,908.99
8661,932,920.8
8662,932,925.78
8663,932,921.74
8664,932,921.3
8665,932,913.7
8666,932,905.47
8667,932,899.77
8668,932,922.62
8669,932,913.21
8670,932,909.28
8671,932,916.62
8672,932,915.29
8673,932,914.64
8674,932,906.33
8675,932,919.5
8676,932,921.6
8677,932,919.14
8678,932,905.8
8679,932,917.23
8680,932,914.61
8681,932,901.86
8682,932,919.01
8683,932,909.86
8684,932,906.88
8685,932,923.89
8686,932,881.57
8687,932,910.7
8688,932,891.25
8689,932,908.21
8690,932,900.79
8691,932,912.26
8692,932,907.06
8693,932,915.17
8694,932,909.96
8695,932,914.66
8696,932,917.12
8697,932,907.57
8698,932,918.33
8699,932,904.83
8700,932,903.26
8701,932,898.21
8702,932,902.94
8703,932,907.46
8704,932,910.76
8705,932,921.46
8706,932,917.72
8707,932,919.38
8708,932,912.73
8709,932,922.89
8710,932,918.07
8711,932,924.71
8712,932,906.52
8713,932,903.96
8714,932,917.38
8715,932,914.3
8716,932,911.58
8717,932,897.97
8718,932,923.29
8719,932,903.48
8720,932,905.85
8721,932,908.74
8722,932,926.21
8723,932,908.71
8724,932,921.61
8725,932,911.4
8726,932,921.68
8727,932,915.95
8728,932,919.72
8729,932,920.5
8730,932,913.59
8731,932,916.68
8732,932,901.2
8733,932,918.68
8734,932,922.26
8735,932,912.33
8736,932,892.47
8737,932,912.11
8738,932,910.22
8739,932,905.89
8740,932,909.58
8741,932,920.99
8742,932,915.52
8743,932,919.86
8744,932,902.21
8745,932,913.24
8746,932,910.09
8747,932,911.15
8748,932,915.6
8749,932,914.51
8750,932,921.13
8751,932,914.2
8752,932,917.31
8753,932,911.36
8754,932,921.74
8755,932,921.55
8756,932,905.95
8757,932,918.03
8758,932,918.44
8759,932,917.29
8760,932,905.34
8761,932,914.68
8762,932,917.63
8763,932,921.04
8764,932,907.82
8765,932,908.52
8766,932,906.92
8767,932,908.35
8768,932,921.52
8769,932,918.82
8770,932,906.46
8771,932,915.66
8772,932,921.15
8773,932,923.91
8774,932,913.37
8775,932,909.98
8776,932,919.61
8777,932,914.8
8778,932,925.21
8779,932,909.58
8780,932,909.63
8781,932,909.79
8782,932,909.32
8783,932,910.48
8784,932,916.02
8785,932,911.97
8786,932,922.48
8787,932,906.53
8788,932,921.98
8789,932,902.93
8790,932,911.02
8791,932,906.09
8792,932,913.77
8793,932,917.29
8794,932,919.23
8795,932,915.74
8796,932,917.5
8797,932,905.23
8798,932,915.67
8799,932,904.24
8800,932,913.79
8801,932,915.49
8802,932,922.97
8803,932,909.39
8804,932,913.79
8805,932,913.3
8806,932,915.49
8807,932,914.0
8808,932,896.72
8809,932,907.88
8810,932,904.99
8811,932,914.15
8812,932,916.7
8813,932,906.55
8814,932,915.11
8815,932,919.64
8816,932,899.37
8817,932,903.58
8818,932,912.19
8819,932,916.79
8820,932,916.64
8821,932,915.49
8822,932,915.46
8823,932,909.74
8824,932,919.96
8825,932,906.59
8826,932,925.08
8827,932,891.72
8828,932,916.15
8829,932,918.3
8830,932,920.16
8831,932,921.15
8832,932,916.08
8833,932,920.92
8834,932,911.51
8835,932,916.33
8836,932,920.21
8837,932,914.11
8838,932,890.05
8839,932,910.95
8840,932,915.32
8841,932,900.06
8842,932,916.13
8843,932,919.18
8844,932,904.95
8845,932,906.0
8846,932,908.16
8847,932,914.83
8848,932,920.93
8849,932,911.01
8850,932,923.47
8851,932,919.01
8852,932,920.6
8853,932,911.14
8854,932,917.55
8855,932,928.53
8856,932,910.09
8857,932,920.5
8858,932,911.68
8859,932,907.33
8860,932,907.63
8861,932,909.62
8862,932,916.45
8863,932,914.43
8864,932,920.92
8865,932,905.96
8866,932,909.78
8867,932,912.8
8868,932,910.42
8869,932,924.66
8870,932,914.94
8871,932,921.27
8872,932,917.3
8873,932,917.52
8874,932,917.92
8875,932,916.97
8876,932,919.88
8877,932,913.78
8878,932,914.9
8879,932,906.61
8880,932,913.3
8881,932,908.54
8882,932,911.81
8883,932,919.45
8884,932,913.93
8885,932,923.38
8886,932,911.26
8887,932,910.1
8888,932,920.84
8889,932,913.6
8890,932,909.88
8891,932,903.35
8892,932,900.35
8893,932,911.21
8894,932,902.82
8895,932,911.12
8896,932,908.48
8897,932,921.15
8898,932,907.7
8899,932,921.93
8900,932,906.08
8901,932,918.67
8902,932,889.04
8903,932,904.92
8904,932,908.45
8905,932,910.28
8906,932,911.83
8907,932,922.74
8908,932,916.08
8909,932,914.9
8910,932,919.18
8911,932,919.47
8912,932,911.01
8913,932,908.14
8914,932,920.45
8915,932,914.49
8916,932,915.79
8917,932,909.77
8918,932,911.88
8919,932,913.86
8920,932,911.73
8921,932,908.34
8922,932,910.74
8923,932,913.71
8924,932,902.97
8925,932,923.02
8926,932,916.71
8927,932,913.49
8928,932,920.77
8929,932,912.73
8930,932,908.52
8931,932,909.64
8932,932,909.08
8933,932,919.04
8934,932,906.83
8935,932,918.38
8936,932,905.06
8937,932,917.35
8938,932,913.89
8939,932,910.15
8940,932,908.91
8941,932,922.07
8942,932,892.3
8943,932,911.3
8944,932,904.22
8945,932,908.0
8946,932,902.43
8947,932,907.41
8948,932,897.45
8949,932,912.23
8950,932,915.01
8951,932,903.33
8952,932,909.25
8953,932,903.73
8954,932,916.72
8955,932,917.44
8956,932,905.29
8957,932,917.94
8958,932,914.32
8959,932,903.44
8960,932,917.35
8961,932,920.12
8962,932,911.18
8963,932,910.02
8964,932,903.3
8965,932,913.21
8966,932,913.88
8967,932,915.1
8968,932,912.47
8969,932,924.7
8970,932,902.7
8971,932,897.76
8972,932,911.33
8973,932,916.82
8974,932,915.92
8975,932,917.02
8976,932,907.2
8977,932,912.48
8978,932,910.47
8979,932,922.01
8980,932,916.28
8981,932,917.32
8982,932,914.72
8983,932,914.41
8984,932,920.55
8985,932,904.22
8986,932,921.96
8987,932,903.5
8988,932,918.95
8989,932,914.87
8990,932,909.07
8991,932,920.59
8992,932,915.84
8993,932,911.05
8994,932,922.19
8995,932,894.39
8996,932,918.92
8997,932,913.81
8998,932,916.96
8999,932,922.04
9000,932,907.59
9001,932,897.01
9002,932,909.28
9003,932,906.64
9004,932,919.82
9005,932,916.77
9006,932,909.56
9007,932,910.71
9008,932,909.55
9009,932,909.71
9010,932,920.41
9011,932,915.26
9012,932,919.69
9013,932,917.1
9014,932,923.71
9015,932,926.2
9016,932,892.12
9017,932,904.67
9018,932,917.98
9019,932,908.72
9020,932,912.71
9021,932,912.88
9022,932,916.85
9023,932,900.78
9024,932,897.4
9025,932,914.49
9026,932,909.66
9027,932,920.07
9028,932,915.04
9029,932,917.9
9030,932,922.04
9031,932,912.37
9032,932,915.22
9033,932,917.94
9034,932,909.81
9035,932,902.58
9036,932,903.75
9037,932,901.91
9038,932,914.88
9039,932,914.45
9040,932,912.85
9041,932,915.32
9042,932,904.69
9043,932,898.23
9044,932,907.17
9045,932,912.94
9046,932,916.59
9047,932,912.08
9048,932,919.14
9049,932,917.0
9050,932,910.78
9051,932,903.01
9052,932,908.21
9053,932,919.62
9054,932,912.65
9055,932,920.24
9056,932,902.67
9057,932,903.77
9058,932,917.89
9059,932,913.81
9060,932,906.59
9061,932,917.08
9062,932,898.24
9063,932,896.67
9064,932,906.72
9065,932,902.74
9066,932,913.02
9067,932,912.9
9068,932,906.25
9069,932,902.75
9070,932,887.42
9071,932,927.36
9072,932,917.09
9073,932,911.08
9074,932,924.51
9075,932,915.28
9076,932,919.62
9077,932,906.84
9078,932,917.72
9079,932,908.02
9080,932,917.16
9081,932,922.3
9082,932,920.12
9083,932,910.96
9084,932,919.17
9085,932,917.53
9086,932,909.82
9087,932,915.4
9088,932,922.93
9089,932,914.46
9090,932,913.03
9091,932,920.18
9092,932,899.16
9093,932,899.07
9094,932,912.47
9095,932,902.29
9096,932,905.58
9097,932,917.7
9098,932,918.3
9099,932,909.12
9100,932,914.04
9101,932,918.97
9102,932,915.14
9103,932,921.64
9104,932,918.85
9105,932,919.55
9106,932,917.19
9107,932,918.41
9108,932,921.73
9109,932,920.34
9110,932,900.21
9111,932,917.87
9112,932,908.37
9113,932,914.85
9114,932,907.76
9115,932,905.73
9116,932,930.35
9117,932,907.55
9118,932,904.23
9119,932,909.01
9120,932,920.7
9121,932,895.75
9122,932,922.58
9123,932,904.74
9124,932,907.85
9125,932,916.52
9126,932,916.67
9127,932,909.37
9128,932,905.54
9129,932,908.77
9130,932,904.24
9131,932,924.06
9132,932,901.98
9133,932,910.22
9134,932,919.89
9135,932,903.71
9136,932,905.34
9137,932,901.63
9138,932,908.9
9139,932,909.24
9140,932,915.92
9141,932,909.73
9142,932,914.69
9143,932,918.27
9144,932,910.59
9145,932,906.92
9146,932,916.45
9147,932,907.01
9148,932,928.13
9149,932,916.03
9150,932,916.19
9151,932,910.94
9152,932,925.08
9153,932,917.3
9154,932,922.46
9155,932,914.15
9156,932,924.16
9157,932,919.62
9158,932,910.77
9159,932,897.0
9160,932,923.08
9161,932,915.07
9162,932,908.19
9163,932,910.77
9164,932,918.3
9165,932,913.72
9166,932,906.08
9167,932,916.69
9168,932,899.22
9169,932,918.8
9170,932,905.53
9171,932,897.97
9172,932,910.47
9173,932,911.83
9174,932,913.7
9175,932,909.68
9176,932,906.57
9177,932,925.41
9178,932,909.38
9179,932,909.37
9180,932,921.01
9181,932,908.31
9182,932,914.09
9183,932,920.34
9184,932,913.75
9185,932,910.21
9186,932,907.31
9187,932,914.1
9188,932,917.07
9189,932,904.89
9190,932,916.17
9191,932,915.39
9192,932,921.41
9193,932,910.77
9194,932,920.47
9195,932,911.87
9196,932,912.19
9197,932,919.02
9198,932,925.03
9199,932,905.59
9200,932,913.93
9201,932,915.12
9202,932,908.77
9203,932,910.84
9204,932,908.29
9205,932,908.57
9206,932,909.35
9207,932,914.75
9208,932,913.83
9209,932,906.66
9210,932,916.62
9211,932,912.37
9212,932,916.57
9213,932,907.16
9214,932,904.07
9215,932,917.98
9216,932,923.96
9217,932,913.77
9218,932,918.13
9219,932,925.03
9220,932,915.12
9221,932,916.27
9222,932,914.05
9223,932,906.02
9224,932,915.61
9225,932,916.47
9226,932,905.38
9227,932,918.07
9228,932,909.19
9229,932,906.87
9230,932,921.0
9231,932,922.52
9232,932,906.79
9233,932,919.15
9234,932,910.01
9235,932,915.09
9236,932,918.86
9237,932,903.13
9238,932,921.82
9239,932,911.43
9240,932,907.85
9241,932,910.51
9242,932,904.64
9243,932,922.21
9244,932,910.66
9245,932,914.22
9246,932,900.22
9247,932,915.69
9248,932,911.33
9249,932,916.75
9250,932,901.06
9251,932,914.42
9252,932,919.94
9253,932,912.35
9254,932,907.53
9255,932,910.78
9256,932,907.09
9257,932,910.03
9258,932,908.09
9259,932,923.96
9260,932,912.15
9261,932,908.5
9262,932,907.87
9263,932,924.66
9264,932,909.48
9265,932,917.31
9266,932,922.26
9267,932,911.77
9268,932,904.74
9269,932,919.68
9270,932,901.5
9271,932,921.04
9272,932,905.65
9273,932,903.2
9274,932,904.85
9275,932,909.16
9276,932,911.41
9277,932,915.52
9278,932,898.87
9279,932,910.72
9280,932,914.53
9281,932,920.66
9282,932,914.02
9283,932,923.56
9284,932,918.16
9285,932,916.66
9286,932,918.84
9287,932,917.75
9288,932,905.78
9289,932,917.34
9290,932,914.8
9291,932,924.95
9292,932,923.61
9293,932,907.28
9294,932,917.76
9295,932,922.59
9296,932,897.49
9297,932,916.32
9298,932,905.94
9299,932,915.39
9300,932,917.6
9301,932,907.1
9302,932,913.36
9303,932,910.36
9304,932,913.46
9305,932,909.84
9306,932,911.02
9307,932,909.86
9308,932,912.56
9309,932,892.54
9310,932,904.54
9311,932,892.68
9312,932,907.74
9313,932,914.81
9314,932,915.55
9315,932,923.29
9316,932,915.04
9317,932,914.76
9318,932,913.48
9319,932,907.45
9320,932,919.37
9321,932,905.28
9322,932,916.07
9323,932,918.99
9324,932,901.55
9325,932,916.25
9326,932,913.0
9327,932,918.87
9328,932,916.09
9329,932,921.05
9330,932,911.02
9331,932,909.84
9332,932,920.79
9333,932,923.03
9334,932,903.81
9335,932,916.33
9336,932,915.04
9337,932,911.42
9338,932,899.57
9339,932,917.49
9340,932,917.74
9341,932,907.73
9342,932,916.54
9343,932,911.54
9344,932,919.33
9345,932,900.62
9346,932,898.8
9347,932,917.45
9348,932,912.63
9349,932,906.4
9350,932,915.98
9351,932,919.15
9352,932,916.8
9353,932,899.53
9354,932,911.22
9355,932,911.09
9356,932,910.85
9357,932,918.12
9358,932,915.1
9359,932,912.21
9360,932,921.69
9361,932,912.47
9362,932,905.25
9363,932,917.42
9364,932,919.06
9365,932,904.01
9366,932,910.59
9367,932,902.62
9368,932,920.62
9369,932,907.94
9370,932,921.12
9371,932,919.52
9372,932,922.6
9373,932,916.98
9374,932,914.72
9375,932,914.72
9376,932,919.78
9377,932,913.0
9378,932,904.84
9379,932,915.38
9380,932,922.68
9381,932,921.49
9382,932,895.73
9383,932,922.26
9384,932,911.85
9385,932,915.36
9386,932,917.44
9387,932,900.99
9388,932,910.33
9389,932,911.82
9390,932,903.52
9391,932,912.36
9392,932,916.2
9393,932,918.47
9394,932,921.81
9395,932,905.28
9396,932,915.33
9397,932,915.91
9398,932,912.4
9399,932,914.95
9400,932,894.48
9401,932,906.52
9402,932,914.23
9403,932,905.89
9404,932,907.05
9405,932,905.65
9406,932,913.52
9407,932,914.82
9408,932,920.71
9409,932,917.07
9410,932,908.98
9411,932,918.71
9412,932,914.8
9413,932,905.11
9414,932,923.1
9415,932,916.39
9416,932,909.88
9417,932,916.8
9418,932,915.33
9419,932,908.7
9420,932,915.3
9421,932,921.81
9422,932,907.98
9423,932,915.75
9424,932,916.0
9425,932,910.08
9426,932,903.24
9427,932,912.56
9428,932,908.32
9429,932,920.37
9430,932,916.83
9431,932,889.92
9432,932,913.13
9433,932,913.38
9434,932,902.42
9435,932,914.06
9436,932,903.57
9437,932,906.87
9438,932,919.26
9439,932,914.04
9440,932,924.09
9441,932,917.27
9442,932,915.22
9443,932,906.03
9444,932,916.4
9445,932,915.73
9446,932,909.53
9447,932,911.51
9448,932,914.15
9449,932,915.1
9450,932,924.49
9451,932,916.1
9452,932,912.82
9453,932,900.1
9454,932,923.33
9455,932,922.42
9456,932,895.32
9457,932,912.34
9458,932,918.55
9459,932,915.09
9460,932,900.69
9461,932,916.07
9462,932,918.72
9463,932,915.58
9464,932,902.69
9465,932,910.16
9466,932,906.67
9467,932,916.98
9468,932,923.84
9469,932,924.29
9470,932,909.22
9471,932,921.15
9472,932,916.5
9473,932,913.93
9474,932,918.42
9475,932,905.07
9476,932,908.26
9477,932,906.26
9478,932,908.05
9479,932,913.67
9480,932,914.5
9481,932,913.56
9482,932,923.04
9483,932,907.68
9484,932,910.19
9485,932,923.46
9486,932,912.39
9487,932,917.62
9488,932,915.03
9489,932,915.53
9490,932,910.93
9491,932,914.3
9492,932,918.95
9493,932,924.83
9494,932,918.25
9495,932,908.54
9496,932,918.53
9497,932,915.03
9498,932,916.97
9499,932,910.2
9500,932,922.41
9501,932,908.09
9502,932,914.47
9503,932,909.01
9504,932,912.52
9505,932,919.1
9506,932,917.43
9507,932,920.94
9508,932,906.78
9509,932,915.63
9510,932,908.18
9511,932,922.09
9512,932,916.83
9513,932,914.8
9514,932,909.08
9515,932,924.59
9516,932,911.22
9517,932,910.03
9518,932,908.69
9519,932,920.79
9520,932,914.13
9521,932,912.96
9522,932,903.76
9523,932,903.47
9524,932,924.66
9525,932,911.33
9526,932,903.93
9527,932,921.99
9528,932,904.76
9529,932,906.21
9530,932,911.98
9531,932,912.71
9532,932,900.82
9533,932,916.25
9534,932,915.46
9535,932,904.62
9536,932,915.26
9537,932,917.92
9538,932,911.78
9539,932,910.49
9540,932,913.42
9541,932,912.06
9542,932,905.26
9543,932,914.7
9544,932,914.71
9545,932,903.64
9546,932,910.6
9547,932,906.33
9548,932,901.99
9549,932,926.98
9550,932,894.95
9551,932,912.75
9552,932,916.56
9553,932,917.28
9554,932,907.39
9555,932,926.31
9556,932,918.3
9557,932,901.59
9558,932,919.45
9559,932,921.61
9560,932,909.39
9561,932,902.4
9562,932,923.25
9563,932,907.09
9564,932,904.19
9565,932,913.25
9566,932,907.71
9567,932,910.13
9568,932,920.91
9569,932,918.76
9570,932,909.02
9571,932,907.29
9572,932,906.74
9573,932,911.15
9574,932,907.57
9575,932,917.62
9576,932,906.2
9577,932,914.5
9578,932,920.67
9579,932,905.11
9580,932,895.79
9581,932,906.38
9582,932,909.22
9583,932,923.39
9584,932,918.35
9585,932,903.07
9586,932,914.16
9587,932,916.93
9588,932,919.64
9589,932,923.96
9590,932,912.1
9591,932,913.99
9592,932,921.39
9593,932,913.77
9594,932,914.46
9595,932,919.4
9596,932,917.19
9597,932,917.65
9598,932,913.58
9599,932,921.02
9600,932,908.48
9601,932,912.7
9602,932,902.85
9603,932,913.28
9604,932,910.08
9605,932,919.36
9606,932,903.28
9607,932,918.35
9608,932,923.54
9609,932,914.11
9610,932,915.1
9611,932,910.05
9612,932,904.65
9613,932,915.84
9614,932,911.18
9615,932,914.25
9616,932,912.33
9617,932,920.64
9618,932,907.79
9619,932,908.81
9620,932,919.5
9621,932,911.72
9622,932,913.41
9623,932,912.55
9624,932,899.08
9625,932,912.7
9626,932,922.49
9627,932,897.04
9628,932,906.81
9629,932,910.24
9630,932,909.29
9631,932,907.81
9632,932,913.04
9633,932,920.46
9634,932,914.81
9635,932,914.97
9636,932,910.72
9637,932,901.49
9638,932,899.54
9639,932,882.95
9640,932,911.52
9641,932,918.77
9642,932,907.3
9643,932,897.98
9644,932,919.06
9645,932,902.29
9646,932,909.05
9647,932,893.41
9648,932,916.32
9649,932,926.06
9650,932,921.54
9651,932,911.37
9652,932,920.91
9653,932,906.4
9654,932,917.6
9655,932,923.21
9656,932,914.58
9657,932,909.16
9658,932,917.36
9659,932,915.77
9660,932,916.19
9661,932,914.9
9662,932,913.71
9663,932,911.63
9664,932,910.71
9665,932,912.9
9666,932,911.1
9667,932,908.21
9668,932,912.49
9669,932,916.4
9670,932,901.72
9671,932,913.12
9672,932,887.09
9673,932,906.92
9674,932,917.28
9675,932,917.56
9676,932,912.05
9677,932,902.73
9678,932,914.23
9679,932,917.19
9680,932,923.69
9681,932,913.96
9682,932,918.4
9683,932,913.91
9684,932,903.45
9685,932,918.77
9686,932,915.72
9687,932,914.46
9688,932,918.2
9689,932,916.65
9690,932,896.59
9691,932,915.12
9692,932,922.97
9693,932,912.43
9694,932,905.07
9695,932,908.44
9696,932,914.5
9697,932,909.37
9698,932,911.58
9699,932,917.93
9700,932,904.05
9701,932,916.4
9702,932,918.47
9703,932,911.98
9704,932,920.24
9705,932,908.91
9706,932,911.73
9707,932,904.27
9708,932,903.63
9709,932,922.92
9710,932,912.53
9711,932,913.91
9712,932,907.93
9713,932,908.57
9714,932,910.23
9715,932,902.21
9716,932,904.71
9717,932,912.55
9718,932,916.82
9719,932,915.3
9720,932,918.38
9721,932,919.87
9722,932,915.15
9723,932,904.59
9724,932,911.76
9725,932,906.91
9726,932,916.08
9727,932,914.55
9728,932,893.93
9729,932,921.84
9730,932,888.21
9731,932,915.03
9732,932,906.56
9733,932,899.99
9734,932,917.84
9735,932,892.88
9736,932,910.38
9737,932,906.38
9738,932,910.59
9739,932,910.94
9740,932,922.42
9741,932,925.02
9742,932,909.26
9743,932,909.21
9744,932,917.99
9745,932,915.97
9746,932,909.55
9747,932,906.21
9748,932,910.02
9749,932,919.92
9750,932,893.88
9751,932,894.38
9752,932,901.52
9753,932,908.13
9754,932,895.5
9755,932,923.77
9756,932,917.87
9757,932,915.66
9758,932,921.66
9759,932,922.99
9760,932,921.93
9761,932,911.13
9762,932,901.17
9763,932,913.28
9764,932,920.62
9765,932,903.42
9766,932,920.37
9767,932,902.7
9768,932,905.12
9769,932,910.26
9770,932,910.86
9771,932,897.91
9772,932,909.4
9773,932,918.65
9774,932,913.24
9775,932,909.61
9776,932,904.03
9777,932,895.47
9778,932,901.64
9779,932,914.41
9780,932,919.55
9781,932,920.48
9782,932,920.03
9783,932,919.48
9784,932,897.58
9785,932,925.52
9786,932,915.14
9787,932,905.13
9788,932,912.98
9789,932,920.69
9790,932,914.7
9791,932,907.35
9792,932,918.98
9793,932,911.09
9794,932,922.05
9795,932,917.94
9796,932,905.81
9797,932,892.64
9798,932,914.12
9799,932,906.55
9800,932,913.48
9801,932,912.01
9802,932,918.12
9803,932,913.43
9804,932,920.57
9805,932,903.26
9806,932,891.92
9807,932,912.92
9808,932,905.26
9809,932,919.64
9810,932,922.62
9811,932,907.86
9812,932,910.62
9813,932,910.73
9814,932,903.52
9815,932,916.07
9816,932,911.0
9817,932,912.6
9818,932,913.2
9819,932,923.31
9820,932,916.07
9821,932,912.88
9822,932,922.71
9823,932,926.29
9824,932,913.3
9825,932,922.51
9826,932,921.1
9827,932,925.81
9828,932,920.71
9829,932,924.74
9830,932,894.59
9831,932,915.48
9832,932,915.23
9833,932,920.58
9834,932,921.62
9835,932,917.46
9836,932,912.18
9837,932,917.77
9838,932,925.19
9839,932,919.78
9840,932,911.41
9841,932,910.03
9842,932,908.0
9843,932,923.14
9844,932,903.81
9845,932,913.86
9846,932,919.99
9847,932,920.16
9848,932,920.44
9849,932,924.44
9850,932,922.37
9851,932,913.27
9852,932,917.6
9853,932,920.05
9854,932,915.77
9855,932,902.63
9856,932,920.33
9857,932,918.06
9858,932,902.5
9859,932,915.34
9860,932,915.42
9861,932,903.3
9862,932,908.28
9863,932,907.29
9864,932,913.88
9865,932,909.3
9866,932,908.23
9867,932,918.95
9868,932,916.33
9869,932,913.12
9870,932,920.71
9871,932,919.97
9872,932,904.69
9873,932,915.02
9874,932,910.04
9875,932,919.72
9876,932,907.97
9877,932,922.09
9878,932,918.39
9879,932,919.18
9880,932,924.98
9881,932,909.94
9882,932,916.74
9883,932,909.63
9884,932,912.69
9885,932,899.99
9886,932,903.42
9887,932,921.94
9888,932,896.67
9889,932,917.06
9890,932,903.77
9891,932,915.44
9892,932,920.11
9893,932,916.69
9894,932,903.01
9895,932,923.99
9896,932,914.48
9897,932,906.95
9898,932,913.4
9899,932,913.2
9900,932,912.74
9901,932,900.45
9902,932,912.28
9903,932,917.54
9904,932,913.68
9905,932,910.93
9906,932,922.31
9907,932,913.47
9908,932,913.36
9909,932,915.7
9910,932,915.43
9911,932,920.12
9912,932,910.52
9913,932,904.63
9914,932,918.97
9915,932,923.55
9916,932,913.98
9917,932,922.86
9918,932,909.11
9919,932,913.95
9920,932,922.04
9921,932,918.38
9922,932,915.47
9923,932,904.91
9924,932,913.36
9925,932,908.88
9926,932,924.86
9927,932,915.53
9928,932,918.88
9929,932,919.34
9930,932,900.12
9931,932,918.75
9932,932,914.15
9933,932,921.2
9934,932,914.13
9935,932,913.15
9936,932,916.72
9937,932,912.28
9938,932,902.82
9939,932,908.93
9940,932,908.88
9941,932,911.26
9942,932,906.19
9943,932,901.69
9944,932,902.53
9945,932,914.44
9946,932,918.6
9947,932,915.12
9948,932,903.17
9949,932,910.81
9950,932,913.15
9951,932,905.46
9952,932,909.66
9953,932,915.59
9954,932,918.69
9955,932,902.5
9956,932,899.96
9957,932,918.43
9958,932,921.68
9959,932,908.61
9960,932,913.37
9961,932,907.91
9962,932,912.03
9963,932,912.03
9964,932,911.63
9965,932,904.56
9966,932,919.09
9967,932,922.62
9968,932,899.87
9969,932,917.99
9970,932,912.61
9971,932,917.52
9972,932,917.08
9973,932,919.32
9974,932,912.0
9975,932,920.28
9976,932,903.7
9977,932,911.73
9978,932,917.28
9979,932,909.4
9980,932,922.34
9981,932,907.16
9982,932,920.51
9983,932,907.68
9984,932,905.41
9985,932,907.24
9986,932,920.3
9987,932,919.2
9988,932,911.02
9989,932,916.86
9990,932,918.5
9991,932,926.04
9992,932,917.8
9993,932,920.54
9994,932,911.45
9995,932,905.29
9996,932,914.5
9997,932,910.41
9998,932,915.3
9999,932,908.58
10000,932,926.31
10001,932,907.99
10002,932,917.49
10003,932,921.5
10004,932,911.06
10005,932,923.09
10006,932,909.47
10007,932,911.48
10008,932,916.36
10009,932,906.71
10010,932,908.09
10011,932,917.73
10012,932,912.82
10013,932,907.03
10014,932,898.6
10015,932,913.64
10016,932,906.67
10017,932,895.07
10018,932,924.76
10019,932,903.68
10020,932,909.66
10021,932,900.07
10022,932,903.73
10023,932,917.1
10024,932,913.92
10025,932,921.1
10026,932,898.64
10027,932,896.62
10028,932,919.8
10029,932,920.93
10030,932,909.7
10031,932,913.27
10032,932,908.25
10033,932,915.45
10034,932,908.79
10035,932,921.75
10036,932,902.78
10037,932,918.27
10038,932,920.33
10039,932,904.67
10040,932,919.47
10041,932,911.99
10042,932,898.34
10043,932,909.7
10044,932,922.54
10045,932,913.7
10046,932,900.09
10047,932,912.47
10048,932,916.43
10049,932,895.11
10050,932,922.85
10051,932,905.58
10052,932,911.95
10053,932,914.13
10054,932,916.01
10055,932,915.8
10056,932,915.5
10057,932,920.54
10058,932,893.01
10059,932,919.4
10060,932,911.66
10061,932,918.82
10062,932,913.2
10063,932,897.87
10064,932,907.79
10065,932,918.8
10066,932,925.48
10067,932,906.99
10068,932,908.88
10069,932,918.65
10070,932,909.47
10071,932,912.86
10072,932,922.62
10073,932,902.92
10074,932,918.72
10075,932,909.31
10076,932,919.62
10077,932,925.59
10078,932,908.96
10079,932,914.9
10080,932,908.17
10081,932,904.95
10082,932,906.63
10083,932,919.67
10084,932,916.41
10085,932,919.57
10086,932,917.05
10087,932,915.37
10088,932,923.86
10089,932,920.79
10090,932,917.27
10091,932,921.74
10092,932,908.06
10093,932,903.84
10094,932,915.5
10095,932,909.03
10096,932,910.49
10097,932,925.47
10098,932,912.89
10099,932,911.06
10100,932,919.43
10101,932,913.65
10102,932,918.16
10103,932,910.09
10104,932,913.34
10105,932,914.5
10106,932,906.94
10107,932,923.51
10108,932,919.72
10109,932,910.31
10110,932,912.93
10111,932,923.99
10112,932,896.15
10113,932,896.39
10114,932,899.3
10115,932,909.99
10116,932,920.42
10117,932,914.4
10118,932,911.16
10119,932,909.93
10120,932,922.14
10121,932,912.31
10122,932,918.18
10123,932,916.5
10124,932,886.85
10125,932,901.62
10126,932,908.1
10127,932,906.64
10128,932,921.73
10129,932,889.09
10130,932,916.33
10131,932,915.23
10132,932,914.58
10133,932,906.64
10134,932,915.5
10135,932,918.97
10136,932,901.46
10137,932,925.68
10138,932,908.45
10139,932,923.27
10140,932,918.69
10141,932,895.91
10142,932,910.18
10143,932,909.95
10144,932,911.81
10145,932,921.9
10146,932,903.12
10147,932,897.05
10148,932,924.84
10149,932,909.19
10150,932,923.26
10151,932,913.84
10152,932,917.13
10153,932,921.66
10154,932,913.42
10155,932,911.9
10156,932,922.61
10157,932,917.8
10158,932,904.07
10159,932,911.63
10160,932,895.45
10161,932,912.27
10162,932,907.79
10163,932,913.16
10164,932,915.84
10165,932,906.83
10166,932,923.56
10167,932,909.83
10168,932,918.07
10169,932,916.36
10170,932,917.05
10171,932,918.32
10172,932,913.75
10173,932,906.55
10174,932,916.53
10175,932,925.09
10176,932,912.15
10177,932,908.82
10178,932,907.04
10179,932,915.07
10180,932,904.4
10181,932,912.9
10182,932,919.57
10183,932,910.87
10184,932,923.86
10185,932,916.32
10186,932,913.5
10187,932,914.53
10188,932,911.06
10189,932,922.14
10190,932,910.95
10191,932,905.56
10192,932,906.9
10193,932,896.88
10194,932,909.01
10195,932,912.37
10196,932,907.95
10197,932,898.26
10198,932,905.17
10199,932,903.08
10200,932,907.1
10201,932,904.72
10202,932,907.82
10203,932,914.6
10204,932,913.95
10205,932,901.82
10206,932,907.55
10207,932,922.59
10208,932,907.1
10209,932,923.84
10210,932,907.55
10211,932,902.36
10212,932,906.99
10213,932,923.85
10214,932,910.41
10215,932,908.52
10216,932,909.7
10217,932,911.67
10218,932,913.45
10219,932,907.74
10220,932,906.95
10221,932,903.49
10222,932,914.63
10223,932,903.16
10224,932,917.59
10225,932,909.92
10226,932,918.42
10227,932,912.21
10228,932,917.95
10229,932,914.84
10230,932,916.97
10231,932,904.59
10232,932,915.0
10233,932,921.91
10234,932,914.08
10235,932,911.82
10236,932,892.13
10237,932,909.34
10238,932,901.44
10239,932,917.1
10240,932,919.94
10241,932,912.86
10242,932,916.8
10243,932,920.24
10244,932,901.22
10245,932,905.26
10246,932,908.0
10247,932,914.2
10248,932,918.02
10249,932,917.74
10250,932,916.15
10251,932,912.88
10252,932,916.14
10253,932,900.87
10254,932,917.27
10255,932,908.37
10256,932,915.85
10257,932,918.57
10258,932,910.53
10259,932,914.46
10260,932,915.58
10261,932,910.54
10262,932,920.05
10263,932,914.95
10264,932,912.62
10265,932,916.31
10266,932,914.79
10267,932,921.56
10268,932,920.46
10269,932,921.76
10270,932,917.74
10271,932,920.49
10272,932,927.56
10273,932,908.13
10274,932,911.53
10275,932,917.44
10276,932,910.38
10277,932,904.17
10278,932,923.91
10279,932,913.31
10280,932,907.65
10281,932,916.24
10282,932,908.75
10283,932,909.57
10284,932,914.63
10285,932,912.32
10286,932,916.72
10287,932,919.01
10288,932,907.73
10289,932,910.06
10290,932,923.86
10291,932,916.12
10292,932,895.21
10293,932,905.11
10294,932,921.41
10295,932,914.28
10296,932,901.97
10297,932,914.47
10298,932,898.35
10299,932,907.01
10300,932,907.73
10301,932,920.79
10302,932,918.77
10303,932,913.27
10304,932,912.36
10305,932,920.55
10306,932,916.55
10307,932,905.62
10308,932,911.61
10309,932,902.94
10310,932,921.53
10311,932,916.98
10312,932,917.05
10313,932,926.28
10314,932,912.7
10315,932,897.82
10316,932,920.37
10317,932,902.98
10318,932,909.99
10319,932,917.53
10320,932,921.08
10321,932,894.83
10322,932,916.41
10323,932,925.69
10324,932,908.97
10325,932,903.96
10326,932,913.26
10327,932,898.17
10328,932,904.09
10329,932,922.51
10330,932,914.16
10331,932,917.4
10332,932,914.58
10333,932,904.37
10334,932,914.41
10335,932,908.27
10336,932,900.56
10337,932,907.65
10338,932,913.89
10339,932,902.71
10340,932,924.5
10341,932,905.97
10342,932,920.99
10343,932,901.26
10344,932,912.93
10345,932,900.11
10346,932,915.97
10347,932,920.99
10348,932,901.54
10349,932,905.93
10350,932,912.9
10351,932,911.88
10352,932,911.76
10353,932,910.83
10354,932,919.29
10355,932,916.99
10356,932,907.68
10357,932,906.87
10358,932,911.45
10359,932,908.62
10360,932,906.26
10361,932,913.19
10362,932,928.38
10363,932,905.77
10364,932,913.61
10365,932,923.34
10366,932,915.82
10367,932,926.51
10368,932,907.95
10369,932,918.93
10370,932,893.0
10371,932,910.2
10372,932,904.63
10373,932,914.25
10374,932,910.4
10375,932,903.78
10376,932,897.39
10377,932,913.93
10378,932,913.65
10379,932,921.86
10380,932,910.94
10381,932,906.28
10382,932,906.83
10383,932,910.08
10384,932,915.65
10385,932,913.25
10386,932,901.8
10387,932,909.66
10388,932,909.47
10389,932,919.04
10390,932,906.52
10391,932,914.7
10392,932,918.3
10393,932,902.37
10394,932,900.26
10395,932,908.16
10396,932,913.37
10397,932,908.29
10398,932,913.95
10399,932,918.2
10400,932,910.79
10401,932,913.77
10402,932,918.02
10403,932,916.25
10404,932,910.6
10405,932,913.81
10406,932,918.31
10407,932,914.02
10408,932,910.75
10409,932,920.03
10410,932,909.02
10411,932,902.81
10412,932,924.9
10413,932,910.74
10414,932,905.49
10415,932,903.89
10416,932,912.52
10417,932,908.63
10418,932,912.19
10419,932,914.81
10420,932,908.61
10421,932,897.73
10422,932,914.37
10423,932,908.83
10424,932,893.36
10425,932,902.86
10426,932,915.08
10427,932,914.75
10428,932,907.49
10429,932,914.26
10430,932,918.38
10431,932,908.41
10432,932,909.87
10433,932,924.81
10434,932,914.85
10435,932,907.41
10436,932,912.83
10437,932,901.55
10438,932,911.39
10439,932,918.12
10440,932,911.8
10441,932,909.51
10442,932,916.38
10443,932,899.9
10444,932,908.72
10445,932,915.46
10446,932,914.13
10447,932,907.86
10448,932,914.76
10449,932,913.88
10450,932,918.93
10451,932,904.02
10452,932,908.84
10453,932,902.57
10454,932,925.54
10455,932,923.69
10456,932,914.37
10457,932,914.31
10458,932,916.23
10459,932,905.65
10460,932,904.63
10461,932,908.85
10462,932,897.92
10463,932,915.72
10464,932,915.26
10465,932,909.81
10466,932,902.67
10467,932,905.66
10468,932,920.35
10469,932,911.82
10470,932,911.43
10471,932,914.61
10472,932,901.18
10473,932,907.05
10474,932,921.64
10475,932,902.87
10476,932,911.98
10477,932,916.85
10478,932,905.55
10479,932,917.63
10480,932,920.64
10481,932,920.12
10482,932,908.58
10483,932,899.23
10484,932,903.54
10485,932,914.7
10486,932,897.88
10487,932,914.46
10488,932,913.44
10489,932,909.8
10490,932,915.17
10491,932,906.26
10492,932,908.67
10493,932,910.95
10494,932,907.08
10495,932,916.75
10496,932,919.43
10497,932,912.43
10498,932,896.72
10499,932,908.36
10500,932,905.5
10501,932,922.27
10502,932,904.8
10503,932,909.5
10504,932,908.71
10505,932,913.17
10506,932,919.08
10507,932,909.31
10508,932,905.23
10509,932,905.27
10510,932,895.53
10511,932,913.22
10512,932,922.59
10513,932,921.01
10514,932,917.45
10515,932,913.2
10516,932,904.35
10517,932,912.72
10518,932,908.31
10519,932,922.44
10520,932,919.65
10521,932,904.39
10522,932,917.72
10523,932,907.59
10524,932,921.12
10525,932,914.93
10526,932,913.76
10527,932,909.75
10528,932,916.81
10529,932,908.8
10530,932,924.71
10531,932,909.24
10532,932,899.67
10533,932,921.09
10534,932,909.93
10535,932,920.1
10536,932,900.02
10537,932,908.79
10538,932,915.27
10539,932,913.09
10540,932,904.32
10541,932,911.03
10542,932,917.69
10543,932,913.79
10544,932,909.72
10545,932,917.63
10546,932,907.44
10547,932,919.23
10548,932,919.11
10549,932,923.96
10550,932,924.33
10551,932,897.0
10552,932,917.49
10553,932,920.81
10554,932,905.3
10555,932,919.2
10556,932,903.27
10557,932,912.89
10558,932,923.23
10559,932,916.37
10560,932,915.78
10561,932,918.61
10562,932,897.92
10563,932,903.01
10564,932,910.69
10565,932,912.94
10566,932,914.36
10567,932,911.77
10568,932,917.63
10569,932,900.05
10570,932,904.61
10571,932,912.02
10572,932,921.89
10573,932,908.19
10574,932,924.81
10575,932,920.07
10576,932,901.03
10577,932,914.86
10578,932,907.2
10579,932,909.01
10580,932,922.47
10581,932,917.62
10582,932,919.91
10583,932,923.04
10584,932,917.89
10585,932,904.09
10586,932,914.06
10587,932,918.11
10588,932,920.61
10589,932,917.29
10590,932,916.32
10591,932,921.67
10592,932,904.92
10593,932,925.68
10594,932,913.91
10595,932,902.08
10596,932,898.26
10597,932,917.96
10598,932,911.98
10599,932,920.44
10600,932,911.55
10601,932,907.21
10602,932,909.46
10603,932,907.39
10604,932,916.05
10605,932,904.86
10606,932,904.9
10607,932,908.0
10608,932,919.4
10609,932,918.54
10610,932,914.14
10611,932,910.48
10612,932,919.18
10613,932,916.02
10614,932,920.79
10615,932,908.8
10616,932,905.49
10617,932,910.53
10618,932,919.4
10619,932,902.06
10620,932,912.4
10621,932,899.49
10622,932,910.92
10623,932,914.35
10624,932,915.26
10625,932,919.2
10626,932,910.67
10627,932,901.92
10628,932,907.12
10629,932,906.6
10630,932,907.53
10631,932,906.59
10632,932,907.24
10633,932,899.87
10634,932,913.95
10635,932,924.06
10636,932,902.26
10637,932,910.45
10638,932,912.56
10639,932,914.62
10640,932,916.26
10641,932,914.14
10642,932,905.66
10643,932,917.75
10644,932,908.89
10645,932,913.93
10646,932,907.8
10647,932,918.47
10648,932,922.04
10649,932,907.94
10650,932,910.04
10651,932,893.68
10652,932,917.25
10653,932,910.96
10654,932,915.92
10655,932,894.66
10656,932,910.52
10657,932,916.7
10658,932,889.3
10659,932,894.27
10660,932,899.73
10661,932,899.75
10662,932,919.29
10663,932,915.17
10664,932,922.42
10665,932,914.35
10666,932,913.43
10667,932,899.67
10668,932,904.26
10669,932,916.33
10670,932,903.76
10671,932,911.05
10672,932,914.23
10673,932,918.37
10674,932,903.94
10675,932,911.93
10676,932,921.35
10677,932,914.21
10678,932,903.91
10679,932,922.46
10680,932,912.76
10681,932,904.54
10682,932,887.62
10683,932,910.82
10684,932,900.05
10685,932,910.8
10686,932,910.58
10687,932,900.98
10688,932,909.8
10689,932,910.59
10690,932,909.16
10691,932,921.33
10692,932,904.88
10693,932,917.3
10694,932,906.61
10695,932,917.63
10696,932,894.09
10697,932,915.18
10698,932,905.79
10699,932,914.95
10700,932,915.41
10701,932,916.12
10702,932,914.64
10703,932,914.9
10704,932,922.06
10705,932,904.79
10706,932,918.67
10707,932,909.5
10708,932,909.76
10709,932,913.4
10710,932,915.6
10711,932,903.32
10712,932,907.59
10713,932,906.17
10714,932,898.08
10715,932,919.82
10716,932,897.7
10717,932,914.27
10718,932,916.43
10719,932,919.41
10720,932,913.93
10721,932,918.2
10722,932,904.35
10723,932,899.39
10724,932,908.87
10725,932,911.27
10726,932,919.03
10727,932,921.37
10728,932,927.08
10729,932,922.52
10730,932,915.09
10731,932,905.1
10732,932,928.6
10733,932,904.67
10734,932,904.76
10735,932,919.0
10736,932,907.25
10737,932,901.99
10738,932,907.24
10739,932,911.35
10740,932,914.14
10741,932,913.57
10742,932,913.85
10743,932,917.26
10744,932,915.89
10745,932,918.52
10746,932,917.4
10747,932,913.03
10748,932,914.84
10749,932,919.37
10750,932,921.95
10751,932,924.64
10752,932,922.57
10753,932,918.55
10754,932,912.17
10755,932,912.93
10756,932,920.61
10757,932,919.72
10758,932,902.83
10759,932,911.39
10760,932,899.27
10761,932,912.38
10762,932,910.38
10763,932,913.84
10764,932,916.62
10765,932,891.58
10766,932,912.87
10767,932,922.7
10768,932,916.3
10769,932,909.13
10770,932,923.07
10771,932,914.4
10772,932,908.88
10773,932,909.16
10774,932,910.67
10775,932,915.67
10776,932,902.79
10777,932,908.34
10778,932,917.84
10779,932,912.65
10780,932,910.46
10781,932,915.33
10782,932,923.56
10783,932,909.44
10784,932,910.78
10785,932,911.33
10786,932,911.13
10787,932,922.83
10788,932,914.67
10789,932,891.8
10790,932,921.59
10791,932,906.11
10792,932,910.61
10793,932,920.5
10794,932,921.24
10795,932,910.83
10796,932,911.58
10797,932,915.91
10798,932,917.47
10799,932,909.37
10800,932,906.48
10801,932,920.42
10802,932,906.28
10803,932,916.58
10804,932,917.8
10805,932,905.72
10806,932,918.47
10807,932,921.81
10808,932,917.75
10809,932,918.62
10810,932,897.43
10811,932,918.16
10812,932,912.16
10813,932,897.16
10814,932,903.31
10815,932,903.73
10816,932,918.04
10817,932,910.69
10818,932,904.64
10819,932,900.57
10820,932,920.06
10821,932,921.12
10822,932,912.04
10823,932,914.55
10824,932,913.36
10825,932,907.71
10826,932,909.27
10827,932,916.25
10828,932,908.54
10829,932,922.41
10830,932,924.99
10831,932,921.64
10832,932,919.65
10833,932,907.26
10834,932,910.01
10835,932,913.6
10836,932,903.13
10837,932,909.28
10838,932,918.86
10839,932,909.03
10840,932,910.34
10841,932,912.58
10842,932,912.05
10843,932,911.13
10844,932,918.99
10845,932,901.43
10846,932,918.32
10847,932,914.34
10848,932,911.25
10849,932,914.07
10850,932,913.83
10851,932,897.34
10852,932,905.62
10853,932,925.41
10854,932,905.12
10855,932,908.33
10856,932,906.78
10857,932,903.11
10858,932,910.83
10859,932,917.19
10860,932,906.82
10861,932,916.45
10862,932,923.78
10863,932,902.25
10864,932,913.34
10865,932,923.13
10866,932,913.8
10867,932,912.24
10868,932,915.66
10869,932,921.75
10870,932,915.44
10871,932,920.37
10872,932,908.56
10873,932,909.09
10874,932,912.91
10875,932,900.28
10876,932,913.44
10877,932,915.67
10878,932,919.23
10879,932,921.66
10880,932,893.45
10881,932,898.97
10882,932,917.01
10883,932,909.69
10884,932,919.02
10885,932,913.98
10886,932,902.1
10887,932,917.25
10888,932,915.16
10889,932,920.95
10890,932,912.12
10891,932,920.49
10892,932,917.15
10893,932,924.21
10894,932,920.54
10895,932,925.51
10896,932,913.11
10897,932,913.85
10898,932,906.76
10899,932,922.41
10900,932,916.33
10901,932,893.67
10902,932,901.94
10903,932,908.5
10904,932,910.39
10905,932,910.25
10906,932,922.81
10907,932,920.71
10908,932,902.22
10909,932,921.79
10910,932,908.47
10911,932,913.99
10912,932,918.63
10913,932,919.04
10914,932,893.51
10915,932,908.63
10916,932,922.05
10917,932,913.63
10918,932,914.73
10919,932,912.83
10920,932,912.66
10921,932,918.05
10922,932,909.01
10923,932,909.03
10924,932,917.35
10925,932,902.24
10926,932,909.27
10927,932,895.63
10928,932,911.47
10929,932,925.81
10930,932,917.32
10931,932,903.82
10932,932,908.2
10933,932,916.6
10934,932,918.82
10935,932,915.35
10936,932,909.6
10937,932,919.28
10938,932,924.01
10939,932,920.03
10940,932,911.32
10941,932,903.77
10942,932,911.62
10943,932,920.57
10944,932,908.46
10945,932,911.82
10946,932,918.58
10947,932,917.98
10948,932,919.58
10949,932,899.26
10950,932,896.46
10951,932,907.81
10952,932,908.08
10953,932,922.42
10954,932,913.42
10955,932,919.55
10956,932,897.3
10957,932,910.87
10958,932,907.95
10959,932,912.0
10960,932,914.05
10961,932,929.85
10962,932,921.42
10963,932,899.86
10964,932,893.42
10965,932,919.71
10966,932,900.94
10967,932,912.46
10968,932,909.64
10969,932,910.38
10970,932,917.85
10971,932,912.45
10972,932,919.96
10973,932,917.65
10974,932,926.16
10975,932,907.13
10976,932,902.29
10977,932,912.13
10978,932,910.18
10979,932,911.05
10980,932,909.66
10981,932,912.44
10982,932,916.54
10983,932,915.96
10984,932,912.75
10985,932,913.59
10986,932,905.1
10987,932,914.35
10988,932,905.81
10989,932,907.48
10990,932,920.35
10991,932,920.74
10992,932,912.15
10993,932,912.71
10994,932,921.06
10995,932,905.19
10996,932,927.0
10997,932,913.48
10998,932,908.15
10999,932,917.55
11000,932,914.94
11001,932,914.26
11002,932,919.47
11003,932,906.79
11004,932,916.91
11005,932,908.47
11006,932,920.19
11007,932,925.71
11008,932,913.02
11009,932,917.94
11010,932,900.74
11011,932,921.0
11012,932,911.03
11013,932,907.33
11014,932,912.04
11015,932,920.51
11016,932,905.88
11017,932,923.91
11018,932,920.96
11019,932,918.74
11020,932,920.78
11021,932,919.93
11022,932,916.96
11023,932,908.23
11024,932,914.85
11025,932,915.96
11026,932,921.96
11027,932,920.52
11028,932,901.26
11029,932,905.1
11030,932,908.25
11031,932,916.06
11032,932,905.92
11033,932,912.05
11034,932,907.92
11035,932,919.84
11036,932,908.01
11037,932,913.39
11038,932,898.55
11039,932,916.22
11040,932,916.94
11041,932,921.92
11042,932,919.99
11043,932,902.63
11044,932,908.27
11045,932,917.18
11046,932,917.07
11047,932,920.68
11048,932,913.11
11049,932,890.54
11050,932,906.83
11051,932,920.14
11052,932,920.59
11053,932,919.26
11054,932,914.5
11055,932,909.16
11056,932,913.18
11057,932,910.57
11058,932,916.69
11059,932,922.19
11060,932,917.34
11061,932,916.87
11062,932,905.05
11063,932,916.04
11064,932,919.18
11065,932,912.54
11066,932,922.44
11067,932,916.73
11068,932,924.39
11069,932,917.41
11070,932,911.12
11071,932,911.85
11072,932,915.08
11073,932,910.16
11074,932,912.58
11075,932,910.22
11076,932,905.92
11077,932,923.69
11078,932,906.94
11079,932,906.63
11080,932,920.24
11081,932,918.13
11082,932,920.17
11083,932,924.08
11084,932,922.76
11085,932,911.75
11086,932,904.91
11087,932,901.1
11088,932,916.69
11089,932,919.95
11090,932,914.78
11091,932,911.22
11092,932,915.54
11093,932,913.55
11094,932,910.32
11095,932,918.8
11096,932,913.08
11097,932,906.7
11098,932,895.27
11099,932,919.1
11100,932,900.48
11101,932,924.95
11102,932,911.82
11103,932,915.76
11104,932,912.6
11105,932,907.49
11106,932,922.66
11107,932,917.62
11108,932,910.47
11109,932,916.28
11110,932,916.3
11111,932,915.97
11112,932,921.22
11113,932,914.17
11114,932,911.28
11115,932,918.65
11116,932,913.81
11117,932,915.35
11118,932,920.72
11119,932,903.64
11120,932,899.92
11121,932,922.11
11122,932,908.01
11123,932,915.27
11124,932,913.98
11125,932,910.71
11126,932,911.53
11127,932,913.42
11128,932,908.65
11129,932,916.42
11130,932,898.85
11131,932,921.89
11132,932,908.62
11133,932,895.78
11134,932,904.99
11135,932,919.58
11136,932,914.75
11137,932,912.31
11138,932,913.78
11139,932,900.7
11140,932,912.0
11141,932,915.16
11142,932,906.57
11143,932,893.9
11144,932,926.16
11145,932,921.79
11146,932,903.47
11147,932,920.97
11148,932,916.66
11149,932,908.74
11150,932,918.89
11151,932,916.27
11152,932,906.66
11153,932,914.85
11154,932,903.72
11155,932,907.03
11156,932,911.03
11157,932,912.13
11158,932,896.54
11159,932,898.14
11160,932,901.08
11161,932,914.13
11162,932,916.76
11163,932,907.29
11164,932,893.38
11165,932,899.82
11166,932,910.45
11167,932,908.05
11168,932,908.39
11169,932,913.88
11170,932,911.63
11171,932,910.35
11172,932,907.65
11173,932,901.82
11174,932,911.75
11175,932,913.31
11176,932,920.09
11177,932,915.35
11178,932,907.34
11179,932,914.75
11180,932,918.0
11181,932,913.18
11182,932,908.55
11183,932,909.8
11184,932,911.66
11185,932,921.6
11186,932,919.89
11187,932,917.52
11188,932,915.85
11189,932,908.38
11190,932,890.92
11191,932,904.47
11192,932,911.49
11193,932,922.74
11194,932,910.73
11195,932,921.85
11196,932,920.17
11197,932,918.95
11198,932,908.39
11199,932,912.77
11200,932,910.8
11201,932,914.03
11202,932,907.81
11203,932,904.7
11204,932,891.78
11205,932,917.02
11206,932,905.62
11207,932,913.67
11208,932,915.31
11209,932,921.5
11210,932,915.66
11211,932,911.23
11212,932,917.59
11213,932,918.98
11214,932,912.13
11215,932,908.46
11216,932,916.08
11217,932,921.34
11218,932,918.15
11219,932,915.86
11220,932,907.01
11221,932,909.5
11222,932,915.21
11223,932,906.63
11224,932,915.75
11225,932,918.02
11226,932,924.98
11227,932,916.18
11228,932,914.09
11229,932,922.19
11230,932,905.8
11231,932,914.53
11232,932,911.08
11233,932,922.69
11234,932,912.45
11235,932,912.91
11236,932,921.54
11237,932,918.27
11238,932,913.9
11239,932,900.09
11240,932,905.46
11241,932,910.06
11242,932,923.14
11243,932,921.0
11244,932,912.49
11245,932,917.22
11246,932,916.32
11247,932,922.19
11248,932,898.17
11249,932,916.66
11250,932,910.74
11251,932,914.09
11252,932,926.13
11253,932,903.58
11254,932,908.52
11255,932,908.81
11256,932,911.25
11257,932,915.65
11258,932,916.72
11259,932,916.45
11260,932,906.58
11261,932,913.31
11262,932,917.24
11263,932,912.14
11264,932,909.61
11265,932,910.82
11266,932,921.74
11267,932,914.03
11268,932,915.15
11269,932,912.97
11270,932,911.77
11271,932,915.85
11272,932,916.87
11273,932,909.88
11274,932,909.31
11275,932,916.48
11276,932,909.88
11277,932,913.24
11278,932,916.97
11279,932,906.6
11280,932,920.49
11281,932,923.24
11282,932,902.49
11283,932,917.7
11284,932,914.03
11285,932,924.43
11286,932,918.17
11287,932,918.51
11288,932,913.34
11289,932,916.46
11290,932,916.68
11291,932,919.28
11292,932,915.32
11293,932,919.82
11294,932,914.47
11295,932,914.28
11296,932,912.06
11297,932,900.21
11298,932,918.56
11299,932,914.45
11300,932,898.61
11301,932,918.05
11302,932,909.55
11303,932,905.07
11304,932,906.34
11305,932,907.17
11306,932,907.25
11307,932,908.59
11308,932,910.27
11309,932,903.02
11310,932,915.01
11311,932,897.78
11312,932,907.16
11313,932,915.3
11314,932,921.51
11315,932,910.3
11316,932,915.67
11317,932,925.11
11318,932,924.48
11319,932,902.54
11320,932,908.91
11321,932,916.57
11322,932,920.72
11323,932,911.5
11324,932,910.24
11325,932,915.05
11326,932,899.37
11327,932,912.48
11328,932,911.38
11329,932,916.51
11330,932,911.0
11331,932,913.2
11332,932,908.31
11333,932,907.71
11334,932,910.83
11335,932,902.1
11336,932,913.31
11337,932,917.81
11338,932,923.26
11339,932,907.78
11340,932,910.63
11341,932,915.85
11342,932,903.35
11343,932,918.1
11344,932,893.35
11345,932,898.96
11346,932,914.38
11347,932,892.64
11348,932,908.56
11349,932,909.2
11350,932,905.82
11351,932,919.47
11352,932,919.69
11353,932,920.66
11354,932,917.99
11355,932,919.39
11356,932,915.93
11357,932,911.08
11358,932,908.31
11359,932,902.85
11360,932,902.24
11361,932,922.84
11362,932,915.16
11363,932,922.41
11364,932,910.66
11365,932,917.7
11366,932,915.7
11367,932,917.92
11368,932,894.23
11369,932,906.72
11370,932,919.33
11371,932,922.75
11372,932,917.52
11373,932,910.04
11374,932,906.42
11375,932,920.9
11376,932,920.56
11377,932,912.03
11378,932,911.39
11379,932,908.94
11380,932,898.44
11381,932,919.97
11382,932,906.48
11383,932,910.85
11384,932,909.15
11385,932,916.17
11386,932,915.62
11387,932,906.95
11388,932,922.05
11389,932,914.78
11390,932,905.3
11391,932,920.72
11392,932,901.41
11393,932,891.42
11394,932,921.42
11395,932,920.57
11396,932,913.32
11397,932,917.0
11398,932,907.23
11399,932,907.19
11400,932,911.22
11401,932,909.81
11402,932,909.77
11403,932,916.77
11404,932,908.81
11405,932,919.39
11406,932,903.32
11407,932,902.64
11408,932,923.61
11409,932,909.24
11410,932,909.71
11411,932,913.95
11412,932,904.51
11413,932,913.88
11414,932,907.98
11415,932,908.49
11416,932,920.51
11417,932,919.58
11418,932,911.06
11419,932,917.28
11420,932,894.27
11421,932,924.47
11422,932,894.45
11423,932,915.82
11424,932,922.44
11425,932,902.58
11426,932,907.08
11427,932,899.24
11428,932,910.96
11429,932,911.57
11430,932,908.97
11431,932,917.31
11432,932,918.95
11433,932,913.88
11434,932,911.81
11435,932,909.66
11436,932,911.5
11437,932,917.95
11438,932,906.04
11439,932,912.34
11440,932,919.35
11441,932,912.51
11442,932,925.68
11443,932,918.57
11444,932,910.47
11445,932,895.76
11446,932,892.52
11447,932,917.94
11448,932,923.43
11449,932,910.18
11450,932,919.12
11451,932,915.73
11452,932,928.9
11453,932,910.02
11454,932,920.67
11455,932,905.84
11456,932,913.98
11457,932,898.28
11458,932,922.71
11459,932,896.72
11460,932,909.75
11461,932,918.12
11462,932,913.85
11463,932,924.78
11464,932,904.37
11465,932,894.13
11466,932,913.19
11467,932,904.46
11468,932,910.89
11469,932,911.75
11470,932,913.1
11471,932,908.94
11472,932,915.04
11473,932,895.64
11474,932,909.91
11475,932,904.1
11476,932,905.14
11477,932,916.87
11478,932,918.13
11479,932,925.86
11480,932,920.36
11481,932,915.9
11482,932,897.51
11483,932,905.3
11484,932,922.97
11485,932,901.09
11486,932,914.4
11487,932,921.64
11488,932,912.46
11489,932,922.36
11490,932,914.57
11491,932,907.02
11492,932,901.0
11493,932,909.85
11494,932,914.13
11495,932,917.67
11496,932,921.04
11497,932,914.65
11498,932,906.73
11499,932,917.7
11500,932,912.88
11501,932,917.05
11502,932,924.01
11503,932,904.66
11504,932,900.94
11505,932,898.69
11506,932,889.45
11507,932,918.09
11508,932,905.74
11509,932,909.7
11510,932,905.33
11511,932,903.71
11512,932,919.25
11513,932,917.51
11514,932,916.3
11515,932,911.19
11516,932,894.18
11517,932,902.03
11518,932,918.25
11519,932,917.18
11520,932,911.24
11521,932,919.79
11522,932,914.75
11523,932,910.76
11524,932,904.61
11525,932,910.64
11526,932,910.46
11527,932,921.67
11528,932,905.7
11529,932,917.3
11530,932,917.7
11531,932,897.59
11532,932,903.81
11533,932,912.65
11534,932,905.49
11535,932,891.79
11536,932,918.27
11537,932,914.62
11538,932,912.2
11539,932,922.62
11540,932,914.32
11541,932,908.06
11542,932,913.4
11543,932,915.38
11544,932,900.63
11545,932,911.89
11546,932,921.8
11547,932,925.83
11548,932,913.91
11549,932,898.23
11550,932,914.98
11551,932,901.44
11552,932,910.18
11553,932,919.09
11554,932,901.44
11555,932,920.99
11556,932,902.39
11557,932,899.91
11558,932,921.98
11559,932,907.99
11560,932,912.33
11561,932,903.29
11562,932,904.62
11563,932,910.9
11564,932,906.52
11565,932,909.95
11566,932,916.72
11567,932,917.65
11568,932,916.38
11569,932,907.96
11570,932,907.3
11571,932,914.45
11572,932,901.35
11573,932,910.77
11574,932,917.16
11575,932,906.71
11576,932,910.13
11577,932,907.63
11578,932,909.36
11579,932,915.74
11580,932,912.65
11581,932,910.97
11582,932,893.98
11583,932,916.87
11584,932,921.94
11585,932,912.64
11586,932,920.15
11587,932,921.97
11588,932,915.79
11589,932,910.29
11590,932,898.61
11591,932,915.6
11592,932,898.57
11593,932,910.22
11594,932,917.96
11595,932,918.05
11596,932,912.32
11597,932,914.62
11598,932,914.48
11599,932,921.6
11600,932,925.24
11601,932,906.07
11602,932,914.49
11603,932,923.36
11604,932,912.84
11605,932,909.59
11606,932,916.88
11607,932,903.01
11608,932,913.6
11609,932,921.99
11610,932,919.57
11611,932,904.32
11612,932,904.24
11613,932,917.9
11614,932,919.05
11615,932,917.23
11616,932,918.62
11617,932,910.19
11618,932,906.4
11619,932,911.06
11620,932,905.23
11621,932,909.61
11622,932,914.27
11623,932,911.31
11624,932,919.18
11625,932,915.47
11626,932,917.77
11627,932,909.84
11628,932,908.03
11629,932,922.29
11630,932,917.19
11631,932,911.21
11632,932,912.57
11633,932,916.14
11634,932,918.04
11635,932,906.36
11636,932,921.6
11637,932,904.6
11638,932,909.56
11639,932,910.54
11640,932,909.5
11641,932,917.95
11642,932,911.1
11643,932,921.82
11644,932,906.19
11645,932,906.57
11646,932,913.23
11647,932,918.91
11648,932,916.0
11649,932,918.91
11650,932,909.22
11651,932,917.0
11652,932,917.05
11653,932,916.0
11654,932,912.96
11655,932,923.63
11656,932,911.88
11657,932,924.3
11658,932,913.64
11659,932,910.04
11660,932,916.05
11661,932,899.83
11662,932,915.68
11663,932,912.26
11664,932,911.4
11665,932,913.37
11666,932,919.29
11667,932,909.11
11668,932,917.41
11669,932,914.68
11670,932,908.39
11671,932,904.07
11672,932,919.74
11673,932,900.91
11674,932,910.41
11675,932,923.86
11676,932,918.39
11677,932,915.31
11678,932,912.63
11679,932,922.74
11680,932,899.77
11681,932,908.85
11682,932,917.05
11683,932,916.72
11684,932,921.19
11685,932,902.37
11686,932,909.5
11687,932,914.69
11688,932,919.59
11689,932,907.58
11690,932,910.35
11691,932,916.78
11692,932,925.26
11693,932,903.52
11694,932,916.33
11695,932,915.63
11696,932,913.94
11697,932,913.19
11698,932,897.36
11699,932,913.92
11700,932,917.39
11701,932,915.25
11702,932,920.64
11703,932,910.96
11704,932,923.91
11705,932,912.28
11706,932,913.45
11707,932,907.68
11708,932,908.6
11709,932,913.6
11710,932,920.17
11711,932,912.53
11712,932,910.85
11713,932,917.65
11714,932,917.56
11715,932,914.32
11716,932,913.03
11717,932,917.73
11718,932,890.06
11719,932,907.9
11720,932,919.94
11721,932,916.97
11722,932,925.19
11723,932,911.38
11724,932,894.48
11725,932,908.25
11726,932,914.17
11727,932,916.06
11728,932,916.54
11729,932,897.66
11730,932,915.82
11731,932,905.42
11732,932,910.77
11733,932,923.01
11734,932,916.93
11735,932,920.83
11736,932,913.25
11737,932,912.5
11738,932,911.27
11739,932,914.7
11740,932,906.38
11741,932,915.96
11742,932,902.72
11743,932,921.91
11744,932,912.75
11745,932,913.87
11746,932,901.81
11747,932,914.05
11748,932,915.37
11749,932,918.59
11750,932,915.48
11751,932,921.13
11752,932,904.27
11753,932,922.85
11754,932,907.36
11755,932,908.78
11756,932,898.88
11757,932,925.83
11758,932,905.27
11759,932,921.76
11760,932,916.07
11761,932,900.63
11762,932,922.08
11763,932,903.66
11764,932,920.3
11765,932,917.89
11766,932,908.26
11767,932,917.4
11768,932,911.48
11769,932,916.96
11770,932,914.59
11771,932,909.12
11772,932,913.36
11773,932,924.59
11774,932,914.53
11775,932,910.55
11776,932,918.16
11777,932,900.03
11778,932,904.42
11779,932,916.21
11780,932,913.53
11781,932,924.44
11782,932,900.68
11783,932,917.4
11784,932,914.95
11785,932,919.64
11786,932,915.16
11787,932,913.23
11788,932,902.46
11789,932,920.42
11790,932,900.47
11791,932,904.47
11792,932,909.17
11793,932,917.3
11794,932,914.27
11795,932,917.2
11796,932,920.02
11797,932,918.44
11798,932,918.72
11799,932,913.37
11800,932,918.01
11801,932,910.65
11802,932,913.88
11803,932,913.64
11804,932,920.09
11805,932,909.95
11806,932,909.32
11807,932,916.95
11808,932,913.95
11809,932,897.46
11810,932,919.09
11811,932,908.66
11812,932,912.01
11813,932,913.62
11814,932,906.27
11815,932,921.66
11816,932,901.07
11817,932,916.17
11818,932,903.0
11819,932,903.21
11820,932,917.01
11821,932,921.6
11822,932,910.54
11823,932,913.43
11824,932,917.75
11825,932,906.96
11826,932,914.41
11827,932,917.97
11828,932,916.35
11829,932,918.62
11830,932,907.55
11831,932,915.12
11832,932,917.92
11833,932,918.09
11834,932,906.97
11835,932,924.21
11836,932,906.42
11837,932,919.09
11838,932,926.28
11839,932,914.16
11840,932,916.4
11841,932,897.51
11842,932,920.06
11843,932,913.02
11844,932,921.67
11845,932,909.91
11846,932,919.19
11847,932,919.54
11848,932,908.22
11849,932,915.32
11850,932,918.42
11851,932,909.33
11852,932,895.25
11853,932,906.19
11854,932,913.01
11855,932,896.79
11856,932,912.8
11857,932,907.7
11858,932,914.98
11859,932,907.06
11860,932,913.38
11861,932,914.48
11862,932,913.99
11863,932,916.67
11864,932,914.22
11865,932,922.81
11866,932,897.73
11867,932,920.92
11868,932,904.02
11869,932,921.44
11870,932,917.33
11871,932,917.22
11872,932,921.09
11873,932,921.25
11874,932,909.34
11875,932,921.67
11876,932,915.81
11877,932,912.84
11878,932,905.19
11879,932,911.68
11880,932,919.44
11881,932,913.33
11882,932,917.55
11883,932,923.96
11884,932,920.55
11885,932,914.11
11886,932,912.73
11887,932,911.01
11888,932,922.48
11889,932,915.08
11890,932,911.79
11891,932,908.68
11892,932,919.71
11893,932,916.64
11894,932,904.07
11895,932,889.31
11896,932,921.06
11897,932,919.4
11898,932,921.19
11899,932,913.46
11900,932,925.76
11901,932,916.02
11902,932,918.66
11903,932,917.52
11904,932,922.02
11905,932,905.81
11906,932,906.24
11907,932,922.94
11908,932,905.13
11909,932,920.05
11910,932,915.38
11911,932,909.16
11912,932,915.87
11913,932,909.55
11914,932,911.63
11915,932,912.04
11916,932,914.9
11917,932,908.52
11918,932,905.99
11919,932,913.76
11920,932,909.12
11921,932,903.44
11922,932,916.56
11923,932,920.84
11924,932,918.45
11925,932,901.69
11926,932,920.07
11927,932,916.41
11928,932,916.13
11929,932,906.18
11930,932,918.42
11931,932,924.71
11932,932,912.88
11933,932,920.73
11934,932,913.88
11935,932,922.14
11936,932,910.72
11937,932,913.18
11938,932,923.5
11939,932,928.6
11940,932,921.88
11941,932,919.27
11942,932,920.27
11943,932,913.79
11944,932,918.8
11945,932,911.19
11946,932,915.51
11947,932,917.05
11948,932,911.24
11949,932,914.55
11950,932,913.86
11951,932,918.74
11952,932,906.83
11953,932,906.16
11954,932,918.54
11955,932,910.63
11956,932,908.54
11957,932,917.0
11958,932,904.12
11959,932,918.86
11960,932,918.62
11961,932,904.57
11962,932,911.72
11963,932,916.0
11964,932,922.44
11965,932,895.17
11966,932,920.54
11967,932,909.98
11968,932,918.4
11969,932,913.76
11970,932,906.58
11971,932,910.63
11972,932,914.85
11973,932,914.28
11974,932,916.71
11975,932,917.44
11976,932,928.1
11977,932,902.91
11978,932,916.58
11979,932,909.66
11980,932,924.71
11981,932,914.39
11982,932,910.04
11983,932,914.95
11984,932,927.08
11985,932,919.73
11986,932,912.52
11987,932,912.02
11988,932,903.55
11989,932,912.7
11990,932,906.62
11991,932,903.12
11992,932,910.45
11993,932,915.51
11994,932,915.24
11995,932,915.37
11996,932,909.23
11997,932,911.09
11998,932,919.17
11999,932,918.79
12000,932,923.18
12001,932,915.59
12002,932,911.06
12003,932,900.81
12004,932,904.71
12005,932,918.33
12006,932,911.95
12007,932,925.46
12008,932,923.81
12009,932,914.92
12010,932,904.66
12011,932,922.26
12012,932,910.36
12013,932,915.55
12014,932,918.99
12015,932,911.47
12016,932,919.56
12017,932,921.39
12018,932,919.56
12019,932,900.69
12020,932,911.55
12021,932,923.22
12022,932,909.83
12023,932,905.87
12024,932,904.76
12025,932,923.69
12026,932,914.42
12027,932,917.01
12028,932,918.94
12029,932,915.23
12030,932,922.39
12031,932,911.86
12032,932,911.82
12033,932,921.53
12034,932,908.93
12035,932,914.67
12036,932,901.47
12037,932,917.97
12038,932,898.79
12039,932,912.96
12040,932,924.86
12041,932,918.39
12042,932,913.67
12043,932,913.3
12044,932,906.23
12045,932,902.3
12046,932,894.18
12047,932,917.36
12048,932,916.38
12049,932,916.9
12050,932,915.84
12051,932,915.8
12052,932,916.85
12053,932,913.23
12054,932,895.28
12055,932,915.38
12056,932,926.36
12057,932,910.52
12058,932,918.46
12059,932,913.89
12060,932,919.24
12061,932,907.36
12062,932,911.68
12063,932,904.21
12064,932,907.37
12065,932,915.08
12066,932,901.56
12067,932,895.41
12068,932,907.12
12069,932,909.93
12070,932,910.19
12071,932,919.33
12072,932,917.65
12073,932,921.0
12074,932,915.19
12075,932,913.69
12076,932,913.53
12077,932,905.27
12078,932,917.98
12079,932,912.87
12080,932,920.81
12081,932,911.58
12082,932,912.49
12083,932,906.12
12084,932,921.2
12085,932,919.45
12086,932,916.8
12087,932,911.72
12088,932,904.95
12089,932,905.93
12090,932,909.64
12091,932,903.9
12092,932,908.96
12093,932,918.08
12094,932,911.42
12095,932,915.93
12096,932,925.16
12097,932,912.03
12098,932,923.74
12099,932,921.98
12100,932,915.13
12101,932,914.71
12102,932,906.81
12103,932,915.32
12104,932,912.86
12105,932,909.34
12106,932,913.63
12107,932,919.45
12108,932,907.7
12109,932,902.26
12110,932,913.65
12111,932,919.62
12112,932,922.93
12113,932,917.63
12114,932,915.01
12115,932,921.54
12116,932,905.64
12117,932,900.88
12118,932,915.17
12119,932,917.36
12120,932,917.56
12121,932,910.88
12122,932,912.85
12123,932,903.79
12124,932,909.72
12125,932,913.72
12126,932,912.54
12127,932,911.5
12128,932,915.32
12129,932,920.81
12130,932,916.44
12131,932,914.87
12132,932,919.94
12133,932,916.9
12134,932,905.01
12135,932,915.3
12136,932,889.62
12137,932,917.27
12138,932,922.51
12139,932,889.4
12140,932,911.85
12141,932,908.07
12142,932,918.25
12143,932,915.71
12144,932,910.42
12145,932,915.72
12146,932,894.72
12147,932,912.33
12148,932,915.95
12149,932,909.27
12150,932,914.26
12151,932,909.65
12152,932,920.09
12153,932,910.88
12154,932,914.98
12155,932,909.57
12156,932,910.18
12157,932,908.98
12158,932,919.77
12159,932,913.79
12160,932,922.93
12161,932,921.92
12162,932,911.3
12163,932,916.55
12164,932,914.27
12165,932,913.31
12166,932,905.17
12167,932,914.58
12168,932,915.46
12169,932,915.42
12170,932,917.8
12171,932,918.94
12172,932,904.13
12173,932,917.83
12174,932,912.85
12175,932,912.06
12176,932,900.13
12177,932,924.67
12178,932,913.28
12179,932,897.72
12180,932,918.1
12181,932,897.17
12182,932,920.69
12183,932,906.14
12184,932,911.32
12185,932,921.71
12186,932,922.83
12187,932,906.76
12188,932,905.13
12189,932,898.15
12190,932,906.58
12191,932,910.31
12192,932,915.7
12193,932,915.8
12194,932,899.63
12195,932,908.31
12196,932,906.21
12197,932,911.4
12198,932,918.87
12199,932,908.42
12200,932,909.01
12201,932,898.38
12202,932,915.76
12203,932,913.75
12204,932,909.16
12205,932,918.5
12206,932,918.9
12207,932,914.34
12208,932,915.37
12209,932,911.66
12210,932,925.43
12211,932,908.79
12212,932,904.9
12213,932,924.38
12214,932,905.89
12215,932,912.16
12216,932,920.59
12217,932,911.01
12218,932,914.37
12219,932,915.51
12220,932,921.16
12221,932,917.27
12222,932,922.43
12223,932,914.98
12224,932,921.49
12225,932,908.57
12226,932,913.81
12227,932,927.01
12228,932,914.21
12229,932,919.69
12230,932,919.21
12231,932,899.49
12232,932,919.37
12233,932,911.67
12234,932,906.25
12235,932,915.85
12236,932,913.27
12237,932,917.69
12238,932,907.27
12239,932,918.47
12240,932,922.08
12241,932,916.52
12242,932,918.83
12243,932,896.91
12244,932,914.1
12245,932,922.49
12246,932,921.8
12247,932,920.53
12248,932,914.69
12249,932,916.31
12250,932,909.13
12251,932,910.7
12252,932,903.09
12253,932,899.77
12254,932,915.27
12255,932,906.33
12256,932,921.82
12257,932,917.85
12258,932,911.06
12259,932,904.72
12260,932,910.22
12261,932,908.78
12262,932,922.28
12263,932,908.05
12264,932,902.91
12265,932,915.26
12266,932,894.19
12267,932,907.55
12268,932,914.5
12269,932,914.48
12270,932,911.89
12271,932,914.8
12272,932,906.42
12273,932,924.52
12274,932,903.76
12275,932,907.52
12276,932,914.75
12277,932,917.69
12278,932,922.77
12279,932,910.05
12280,932,894.23
12281,932,906.32
12282,932,898.8
12283,932,920.95
12284,932,917.14
12285,932,912.89
12286,932,921.76
12287,932,920.17
12288,932,912.81
12289,932,901.02
12290,932,920.39
12291,932,914.4
12292,932,904.26
12293,932,918.51
12294,932,918.92
12295,932,926.78
12296,932,918.64
12297,932,912.75
12298,932,923.11
12299,932,922.16
12300,932,917.35
12301,932,914.75
12302,932,925.56
12303,932,913.76
12304,932,909.35
12305,932,904.65
12306,932,913.24
12307,932,921.74
12308,932,908.77
12309,932,905.74
12310,932,918.35
12311,932,909.07
12312,932,899.98
12313,932,918.32
12314,932,903.36
12315,932,924.58
12316,932,914.53
12317,932,917.13
12318,932,910.68
12319,932,912.55
12320,932,912.26
12321,932,918.77
12322,932,919.42
12323,932,917.91
12324,932,912.79
12325,932,906.75
12326,932,916.35
12327,932,916.92
12328,932,921.65
12329,932,910.14
12330,932,902.19
12331,932,920.29
12332,932,911.64
12333,932,925.98
12334,932,914.0
12335,932,903.31
12336,932,920.12
12337,932,913.31
12338,932,918.94
12339,932,913.18
12340,932,911.46
12341,932,918.81
12342,932,919.56
12343,932,909.08
12344,932,912.48
12345,932,910.63
12346,932,917.86
12347,932,910.26
12348,932,914.29
12349,932,913.99
12350,932,915.9
12351,932,910.56
12352,932,904.94
12353,932,910.57
12354,932,912.99
12355,932,921.14
12356,932,913.33
12357,932,906.27
12358,932,905.11
12359,932,919.79
12360,932,916.38
12361,932,911.2
12362,932,925.43
12363,932,907.14
12364,932,909.68
12365,932,911.95
12366,932,915.61
12367,932,899.68
12368,932,912.84
12369,932,905.16
12370,932,900.88
12371,932,890.18
12372,932,912.51
12373,932,907.54
12374,932,901.5
12375,932,909.8
12376,932,912.46
12377,932,921.12
12378,932,918.7
12379,932,919.34
12380,932,920.83
12381,932,915.74
12382,932,917.19
12383,932,908.48
12384,932,921.57
12385,932,909.39
12386,932,926.23
12387,932,918.03
12388,932,912.89
12389,932,903.35
12390,932,917.65
12391,932,895.67
12392,932,913.99
12393,932,916.65
12394,932,916.25
12395,932,919.83
12396,932,909.77
12397,932,912.73
12398,932,900.44
12399,932,911.88
12400,932,914.75
12401,932,910.42
12402,932,913.75
12403,932,910.85
12404,932,920.27
12405,932,911.89
12406,932,913.33
12407,932,917.61
12408,932,914.13
12409,932,911.2
12410,932,905.83
12411,932,912.01
12412,932,915.46
12413,932,917.15
12414,932,914.73
12415,932,915.17
12416,932,897.46
12417,932,914.37
12418,932,921.83
12419,932,917.58
12420,932,917.82
12421,932,914.47
12422,932,910.29
12423,932,908.13
12424,932,913.53
12425,932,913.22
12426,932,899.93
12427,932,920.61
12428,932,910.2
12429,932,911.88
12430,932,909.98
12431,932,914.51
12432,932,892.47
12433,932,920.99
12434,932,907.98
12435,932,906.63
12436,932,913.64
12437,932,913.64
12438,932,907.51
12439,932,917.55
12440,932,897.14
12441,932,911.77
12442,932,913.17
12443,932,910.98
12444,932,907.28
12445,932,916.57
12446,932,916.0
12447,932,910.48
12448,932,906.88
12449,932,912.67
12450,932,922.13
12451,932,910.63
12452,932,906.47
12453,932,914.87
12454,932,922.12
12455,932,910.21
12456,932,899.94
12457,932,914.23
12458,932,902.54
12459,932,912.68
12460,932,919.59
12461,932,917.97
12462,932,900.32
12463,932,910.85
12464,932,904.96
12465,932,926.33
12466,932,910.86
12467,932,906.73
12468,932,918.03
12469,932,914.98
12470,932,905.04
12471,932,917.25
12472,932,908.4
12473,932,906.33
12474,932,922.05
12475,932,918.7
12476,932,910.14
12477,932,914.29
12478,932,907.21
12479,932,916.7
12480,932,907.4
12481,932,920.85
12482,932,908.32
12483,932,907.41
12484,932,917.19
12485,932,900.81
12486,932,911.38
12487,932,909.37
12488,932,917.72
12489,932,911.9
12490,932,921.81
12491,932,911.52
12492,932,907.42
12493,932,910.96
12494,932,916.07
12495,932,921.63
12496,932,899.32
12497,932,906.17
12498,932,918.45
12499,932,910.28
12500,932,910.12
12501,932,908.6
12502,932,918.82
12503,932,916.72
12504,932,914.71
12505,932,904.54
12506,932,906.55
12507,932,914.86
12508,932,918.32
12509,932,908.14
12510,932,907.75
12511,932,912.86
12512,932,906.3
12513,932,910.84
12514,932,897.88
12515,932,907.97
12516,932,921.25
12517,932,908.19
12518,932,919.48
12519,932,908.44
12520,932,898.41
12521,932,901.88
12522,932,917.7
12523,932,911.95
12524,932,903.53
12525,932,903.64
12526,932,912.61
12527,932,899.53
12528,932,915.04
12529,932,928.4
12530,932,903.93
12531,932,909.59
12532,932,905.71
12533,932,912.21
12534,932,912.25
12535,932,897.05
12536,932,910.77
12537,932,900.1
12538,932,909.68
12539,932,914.18
12540,932,903.74
12541,932,911.07
12542,932,911.41
12543,932,912.24
12544,932,909.11
12545,932,915.63
12546,932,923.19
12547,932,924.51
12548,932,914.0
12549,932,911.73
12550,932,909.05
12551,932,913.77
12552,932,918.24
12553,932,917.45
12554,932,905.11
12555,932,912.66
12556,932,917.08
12557,932,919.72
12558,932,918.27
12559,932,916.03
12560,932,900.34
12561,932,910.92
12562,932,908.74
12563,932,916.05
12564,932,915.72
12565,932,918.25
12566,932,915.39
12567,932,915.5
12568,932,896.84
12569,932,918.2
12570,932,899.58
12571,932,910.59
12572,932,914.84
12573,932,905.39
12574,932,903.8
12575,932,920.17
12576,932,918.75
12577,932,915.92
12578,932,908.09
12579,932,915.16
12580,932,911.96
12581,932,915.45
12582,932,915.85
12583,932,908.32
12584,932,913.77
12585,932,901.75
12586,932,918.59
12587,932,915.11
12588,932,921.12
12589,932,913.06
12590,932,913.92
12591,932,911.12
12592,932,904.68
12593,932,906.59
12594,932,916.26
12595,932,909.05
12596,932,919.54
12597,932,898.92
12598,932,902.0
12599,932,919.87
12600,932,915.15
12601,932,904.18
12602,932,917.27
12603,932,921.05
12604,932,918.77
12605,932,907.99
12606,932,919.89
12607,932,906.54
12608,932,914.1
12609,932,923.47
12610,932,912.61
12611,932,917.2
12612,932,914.64
12613,932,915.23
12614,932,893.55
12615,932,917.24
12616,932,915.02
12617,932,916.75
12618,932,905.83
12619,932,919.66
12620,932,906.03
12621,932,913.98
12622,932,916.94
12623,932,911.64
12624,932,909.95
12625,932,905.17
12626,932,911.61
12627,932,906.11
12628,932,907.45
12629,932,925.04
12630,932,910.76
12631,932,917.57
12632,932,913.25
12633,932,906.98
12634,932,904.7
12635,932,912.26
12636,932,910.07
12637,932,905.84
12638,932,913.6
12639,932,928.85
12640,932,915.08
12641,932,921.91
12642,932,908.66
12643,932,904.29
12644,932,906.43
12645,932,920.47
12646,932,915.96
12647,932,915.3
12648,932,915.32
12649,932,904.65
12650,932,915.98
12651,932,919.64
12652,932,903.79
12653,932,911.39
12654,932,901.39
12655,932,912.65
12656,932,915.2
12657,932,899.63
12658,932,916.09
12659,932,917.71
12660,932,918.18
12661,932,910.26
12662,932,913.9
12663,932,929.25
12664,932,903.4
12665,932,911.1
12666,932,924.79
12667,932,924.89
12668,932,920.69
12669,932,916.93
12670,932,900.31
12671,932,918.2
12672,932,907.2
12673,932,916.32
12674,932,917.16
12675,932,907.03
12676,932,907.55
12677,932,917.66
12678,932,906.07
12679,932,910.3
12680,932,920.66
12681,932,909.29
12682,932,903.01
12683,932,905.76
12684,932,920.82
12685,932,911.95
12686,932,909.66
12687,932,915.08
12688,932,913.11
12689,932,914.95
12690,932,923.27
12691,932,920.56
12692,932,905.07
12693,932,920.04
12694,932,904.02
12695,932,911.59
12696,932,910.99
12697,932,917.21
12698,932,914.05
12699,932,909.83
12700,932,917.73
12701,932,914.07
12702,932,914.59
12703,932,908.87
12704,932,919.38
12705,932,920.55
12706,932,909.58
12707,932,917.67
12708,932,913.83
12709,932,908.81
12710,932,907.95
12711,932,905.88
12712,932,920.1
12713,932,920.03
12714,932,911.61
12715,932,905.42
12716,932,901.33
12717,932,911.59
12718,932,910.85
12719,932,910.09
12720,932,909.14
12721,932,912.63
12722,932,913.37
12723,932,917.42
12724,932,917.27
12725,932,916.2
12726,932,910.72
12727,932,901.46
12728,932,910.15
12729,932,924.53
12730,932,908.21
12731,932,914.48
12732,932,904.45
12733,932,921.81
12734,932,921.56
12735,932,902.28
12736,932,918.85
12737,932,919.4
12738,932,888.97
12739,932,924.11
12740,932,926.53
12741,932,917.41
12742,932,907.91
12743,932,901.73
12744,932,919.44
12745,932,910.78
12746,932,917.78
12747,932,921.71
12748,932,909.11
12749,932,910.58
12750,932,909.03
12751,932,921.62
12752,932,912.17
12753,932,919.47
12754,932,926.51
12755,932,918.7
12756,932,919.94
12757,932,925.69
12758,932,908.41
12759,932,917.17
12760,932,921.2
12761,932,908.69
12762,932,915.99
12763,932,919.44
12764,932,916.53
12765,932,912.31
12766,932,923.88
12767,932,908.66
12768,932,919.97
12769,932,902.94
12770,932,923.66
12771,932,898.26
12772,932,920.67
12773,932,919.6
12774,932,920.82
12775,932,895.68
12776,932,921.19
12777,932,907.23
12778,932,912.11
12779,932,891.35
12780,932,907.87
12781,932,920.61
12782,932,920.97
12783,932,914.58
12784,932,918.75
12785,932,913.75
12786,932,901.38
12787,932,913.11
12788,932,917.37
12789,932,915.11
12790,932,918.91
12791,932,909.25
12792,932,900.59
12793,932,917.24
12794,932,905.47
12795,932,913.14
12796,932,917.84
12797,932,913.52
12798,932,918.35
12799,932,908.61
12800,932,911.9
12801,932,907.7
12802,932,922.88
12803,932,924.64
12804,932,910.72
12805,932,900.85
12806,932,912.3
12807,932,928.33
12808,932,922.6
12809,932,920.99
12810,932,912.82
12811,932,912.3
12812,932,919.6
12813,932,916.82
12814,932,917.09
12815,932,908.78
12816,932,911.72
12817,932,916.17
12818,932,912.58
12819,932,914.44
12820,932,907.78
12821,932,913.33
12822,932,912.31
12823,932,903.47
12824,932,916.91
12825,932,922.2
12826,932,904.09
12827,932,911.74
12828,932,909.67
12829,932,914.21
12830,932,901.48
12831,932,922.07
12832,932,912.07
12833,932,916.36
12834,932,922.58
12835,932,923.31
12836,932,915.05
12837,932,926.94
12838,932,904.45
12839,932,909.92
12840,932,895.98
12841,932,908.96
12842,932,915.17
12843,932,917.56
12844,932,908.53
12845,932,921.34
12846,932,912.19
12847,932,887.55
12848,932,914.3
12849,932,907.26
12850,932,906.42
12851,932,903.87
12852,932,926.96
12853,932,916.05
12854,932,919.54
12855,932,926.07
12856,932,920.02
12857,932,928.48
12858,932,904.43
12859,932,925.41
12860,932,915.7
12861,932,904.83
12862,932,904.73
12863,932,894.88
12864,932,917.49
12865,932,898.45
12866,932,913.5
12867,932,901.86
12868,932,902.22
12869,932,912.03
12870,932,916.37
12871,932,913.46
12872,932,911.76
12873,932,890.91
12874,932,907.57
12875,932,892.68
12876,932,913.29
12877,932,924.91
12878,932,916.66
12879,932,915.57
12880,932,903.16
12881,932,913.58
12882,932,910.11
12883,932,899.53
12884,932,909.94
12885,932,908.45
12886,932,916.48
12887,932,911.68
12888,932,925.06
12889,932,909.85
12890,932,926.71
12891,932,911.83
12892,932,903.61
12893,932,913.15
12894,932,905.04
12895,932,901.2
12896,932,907.73
12897,932,926.54
12898,932,906.28
12899,932,905.78
12900,932,893.99
12901,932,911.09
12902,932,910.34
12903,932,923.17
12904,932,917.29
12905,932,910.13
12906,932,924.86
12907,932,904.29
12908,932,913.42
12909,932,905.0
12910,932,911.8
12911,932,914.17
12912,932,916.69
12913,932,926.36
12914,932,915.9
12915,932,910.02
12916,932,908.39
12917,932,922.24
12918,932,918.37
12919,932,919.77
12920,932,904.48
12921,932,920.1
12922,932,906.45
12923,932,909.79
12924,932,908.83
12925,932,917.8
12926,932,902.16
12927,932,899.55
12928,932,911.82
12929,932,901.08
12930,932,917.07
12931,932,912.62
12932,932,909.79
12933,932,904.86
12934,932,911.34
12935,932,920.84
12936,932,921.36
12937,932,909.06
12938,932,913.86
12939,932,919.27
12940,932,906.34
12941,932,913.0
12942,932,911.65
12943,932,916.07
12944,932,923.69
12945,932,909.75
12946,932,928.35
12947,932,914.4
12948,932,900.39
12949,932,915.23
12950,932,909.01
12951,932,918.89
12952,932,911.58
12953,932,912.95
12954,932,916.42
12955,932,916.42
12956,932,915.58
12957,932,911.8
12958,932,925.56
12959,932,927.71
12960,932,913.89
12961,932,909.42
12962,932,914.53
12963,932,895.4
12964,932,923.44
12965,932,908.41
12966,932,917.91
12967,932,918.47
12968,932,912.15
12969,932,921.46
12970,932,924.43
12971,932,909.79
12972,932,912.59
12973,932,916.02
12974,932,921.29
12975,932,893.14
12976,932,903.48
12977,932,909.03
12978,932,916.91
12979,932,895.78
12980,932,908.09
12981,932,918.53
12982,932,900.97
12983,932,905.9
12984,932,912.73
12985,932,905.46
12986,932,914.19
12987,932,914.01
12988,932,922.22
12989,932,922.94
12990,932,903.63
12991,932,924.79
12992,932,907.73
12993,932,910.57
12994,932,917.31
12995,932,909.03
12996,932,914.58
12997,932,917.58
12998,932,909.39
12999,932,905.06
13000,932,889.87
13001,932,913.89
13002,932,911.56
13003,932,918.75
13004,932,905.19
13005,932,910.89
13006,932,914.85
13007,932,903.45
13008,932,903.87
13009,932,922.59
13010,932,902.37
13011,932,911.72
13012,932,918.4
13013,932,912.94
13014,932,906.14
13015,932,912.87
13016,932,914.02
13017,932,912.07
13018,932,910.8
13019,932,923.41
13020,932,922.04
13021,932,920.68
13022,932,915.85
13023,932,906.35
13024,932,912.25
13025,932,923.77
13026,932,912.16
13027,932,898.79
13028,932,921.47
13029,932,908.31
13030,932,927.6
13031,932,915.75
13032,932,907.51
13033,932,917.25
13034,932,908.04
13035,932,910.05
13036,932,909.02
13037,932,918.12
13038,932,924.69
13039,932,914.23
13040,932,890.44
13041,932,907.08
13042,932,910.13
13043,932,906.66
13044,932,922.87
13045,932,894.27
13046,932,904.05
13047,932,919.27
13048,932,916.76
13049,932,906.25
13050,932,916.85
13051,932,917.08
13052,932,924.48
13053,932,903.62
13054,932,920.44
13055,932,919.19
13056,932,918.27
13057,932,911.19
13058,932,914.15
13059,932,904.67
13060,932,912.77
13061,932,917.31
13062,932,914.32
13063,932,924.84
13064,932,915.57
13065,932,908.33
13066,932,929.28
13067,932,916.38
13068,932,915.38
13069,932,908.54
13070,932,917.2
13071,932,906.06
13072,932,909.42
13073,932,919.91
13074,932,919.67
13075,932,925.66
13076,932,917.95
13077,932,901.12
13078,932,907.54
13079,932,906.61
13080,932,909.38
13081,932,908.17
13082,932,903.63
13083,932,907.53
13084,932,897.59
13085,932,914.83
13086,932,919.37
13087,932,913.34
13088,932,918.47
13089,932,917.41
13090,932,914.73
13091,932,913.66
13092,932,907.1
13093,932,905.33
13094,932,894.81
13095,932,918.66
13096,932,920.3
13097,932,901.09
13098,932,918.27
13099,932,917.76
13100,932,925.84
13101,932,901.56
13102,932,921.91
13103,932,920.72
13104,932,913.92
13105,932,916.46
13106,932,915.62
13107,932,897.19
13108,932,918.54
13109,932,921.42
13110,932,919.16
13111,932,920.58
13112,932,905.88
13113,932,920.64
13114,932,917.38
13115,932,911.55
13116,932,923.14
13117,932,913.85
13118,932,906.15
13119,932,916.38
13120,932,919.06
13121,932,897.46
13122,932,910.71
13123,932,911.41
13124,932,902.66
13125,932,904.03
13126,932,905.88
13127,932,911.73
13128,932,905.69
13129,932,909.15
13130,932,923.22
13131,932,902.52
13132,932,897.46
13133,932,911.23
13134,932,915.58
13135,932,919.3
13136,932,899.79
13137,932,910.66
13138,932,918.62
13139,932,903.08
13140,932,917.05
13141,932,918.71
13142,932,919.03
13143,932,897.54
13144,932,927.18
13145,932,921.36
13146,932,905.26
13147,932,921.3
13148,932,908.56
13149,932,916.5
13150,932,903.36
13151,932,914.79
13152,932,913.7
13153,932,895.71
13154,932,913.28
13155,932,906.92
13156,932,920.68
13157,932,921.3
13158,932,915.97
13159,932,925.26
13160,932,917.13
13161,932,912.64
13162,932,919.47
13163,932,907.91
13164,932,901.57
13165,932,901.97
13166,932,913.18
13167,932,915.55
13168,932,910.28
13169,932,919.9
13170,932,918.12
13171,932,905.88
13172,932,913.05
13173,932,905.29
13174,932,906.46
13175,932,899.63
13176,932,919.88
13177,932,909.61
13178,932,913.26
13179,932,910.03
13180,932,915.19
13181,932,910.98
13182,932,909.06
13183,932,914.49
13184,932,922.88
13185,932,922.59
13186,932,923.44
13187,932,920.26
13188,932,909.72
13189,932,912.81
13190,932,910.15
13191,932,900.87
13192,932,920.64
13193,932,905.44
13194,932,918.42
13195,932,902.92
13196,932,920.79
13197,932,924.79
13198,932,914.58
13199,932,896.67
13200,932,901.58
13201,932,908.31
13202,932,914.27
13203,932,905.69
13204,932,900.68
13205,932,909.86
13206,932,908.09
13207,932,909.71
13208,932,910.15
13209,932,907.88
13210,932,906.93
13211,932,917.28
13212,932,917.4
13213,932,902.79
13214,932,918.26
13215,932,918.99
13216,932,912.7
13217,932,908.88
13218,932,908.03
13219,932,908.52
13220,932,899.01
13221,932,920.3
13222,932,916.01
13223,932,924.25
13224,932,913.34
13225,932,911.97
13226,932,922.59
13227,932,914.6
13228,932,905.44
13229,932,913.83
13230,932,908.83
13231,932,921.94
13232,932,917.51
13233,932,918.42
13234,932,915.27
13235,932,917.8
13236,932,918.2
13237,932,904.01
13238,932,907.17
13239,932,921.89
13240,932,920.95
13241,932,914.62
13242,932,917.47
13243,932,906.51
13244,932,900.66
13245,932,900.08
13246,932,914.15
13247,932,902.76
13248,932,923.39
13249,932,914.1
13250,932,902.8
13251,932,910.32
13252,932,918.59
13253,932,917.59
13254,932,916.76
13255,932,918.5
13256,932,920.34
13257,932,916.3
13258,932,915.46
13259,932,910.62
13260,932,902.82
13261,932,910.14
13262,932,913.17
13263,932,907.24
13264,932,916.65
13265,932,896.49
13266,932,902.56
13267,932,917.4
13268,932,918.19
13269,932,902.27
13270,932,910.58
13271,932,909.19
13272,932,922.37
13273,932,908.55
13274,932,895.51
13275,932,899.6
13276,932,893.14
13277,932,904.21
13278,932,906.13
13279,932,915.05
13280,932,911.23
13281,932,907.45
13282,932,917.91
13283,932,919.04
13284,932,906.35
13285,932,914.36
13286,932,910.56
13287,932,914.73
13288,932,906.5
13289,932,906.8
13290,932,921.97
13291,932,905.34
13292,932,921.17
13293,932,907.3
13294,932,905.6
13295,932,913.28
13296,932,917.3
13297,932,916.9
13298,932,917.59
13299,932,901.17
13300,932,913.68
13301,932,910.98
13302,932,906.25
13303,932,902.23
13304,932,918.49
13305,932,926.78
13306,932,913.67
13307,932,914.46
13308,932,924.51
13309,932,914.54
13310,932,916.54
13311,932,906.39
13312,932,909.31
13313,932,914.94
13314,932,903.23
13315,932,923.51
13316,932,917.63
13317,932,914.99
13318,932,907.42
13319,932,909.95
13320,932,907.64
13321,932,916.57
13322,932,910.47
13323,932,916.21
13324,932,920.46
13325,932,909.4
13326,932,904.01
13327,932,918.1
13328,932,924.59
13329,932,925.56
13330,932,915.24
13331,932,904.95
13332,932,909.81
13333,932,908.13
13334,932,915.56
13335,932,923.56
13336,932,913.47
13337,932,912.63
13338,932,914.18
13339,932,916.43
13340,932,912.01
13341,932,908.38
13342,932,903.47
13343,932,892.56
13344,932,920.19
13345,932,919.28
13346,932,911.36
13347,932,910.63
13348,932,919.45
13349,932,923.19
13350,932,917.95
13351,932,907.94
13352,932,910.82
13353,932,916.33
13354,932,912.63
13355,932,912.35
13356,932,917.29
13357,932,909.57
13358,932,912.08
13359,932,907.51
13360,932,902.79
13361,932,916.86
13362,932,912.85
13363,932,913.63
13364,932,917.54
13365,932,914.29
13366,932,912.25
13367,932,903.99
13368,932,906.8
13369,932,915.11
13370,932,913.36
13371,932,918.42
13372,932,894.07
13373,932,915.0
13374,932,927.13
13375,932,916.06
13376,932,909.06
13377,932,915.23
13378,932,912.49
13379,932,900.51
13380,932,896.55
13381,932,908.85
13382,932,888.97
13383,932,907.92
13384,932,906.45
13385,932,904.29
13386,932,900.54
13387,932,914.13
13388,932,908.23
13389,932,903.69
13390,932,912.33
13391,932,901.06
13392,932,901.57
13393,932,920.54
13394,932,909.43
13395,932,904.97
13396,932,910.34
13397,932,901.65
13398,932,921.35
13399,932,907.82
13400,932,896.77
13401,932,912.46
13402,932,914.71
13403,932,914.9
13404,932,913.88
13405,932,927.53
13406,932,913.62
13407,932,910.55
13408,932,920.27
13409,932,905.82
13410,932,907.68
13411,932,899.5
13412,932,909.57
13413,932,916.93
13414,932,913.98
13415,932,910.11
13416,932,914.09
13417,932,907.31
13418,932,904.55
13419,932,917.43
13420,932,904.86
13421,932,912.02
13422,932,918.18
13423,932,903.7
13424,932,916.06
13425,932,912.75
13426,932,919.63
13427,932,910.84
13428,932,898.75
13429,932,902.82
13430,932,909.1
13431,932,898.91
13432,932,917.02
13433,932,905.48
13434,932,911.89
13435,932,908.29
13436,932,898.15
13437,932,897.28
13438,932,916.92
13439,932,910.05
13440,932,912.12
13441,932,898.6
13442,932,914.26
13443,932,908.2
13444,932,917.15
13445,932,917.94
13446,932,921.72
13447,932,905.99
13448,932,913.4
13449,932,920.85
13450,932,907.02
13451,932,921.87
13452,932,903.24
13453,932,906.16
13454,932,913.48
13455,932,910.53
13456,932,916.4
13457,932,915.17
13458,932,924.18
13459,932,899.3
13460,932,912.52
13461,932,926.95
13462,932,906.71
13463,932,895.93
13464,932,909.96
13465,932,905.11
13466,932,905.98
13467,932,914.02
13468,932,915.68
13469,932,903.83
13470,932,900.79
13471,932,919.0
13472,932,906.92
13473,932,901.97
13474,932,910.01
13475,932,913.85
13476,932,901.22
13477,932,923.01
13478,932,910.21
13479,932,907.48
13480,932,924.46
13481,932,915.83
13482,932,914.78
13483,932,903.39
13484,932,924.99
13485,932,913.72
13486,932,919.22
13487,932,924.94
13488,932,919.2
13489,932,913.6
13490,932,922.13
13491,932,911.71
13492,932,913.76
13493,932,918.0
13494,932,909.72
13495,932,913.44
13496,932,917.28
13497,932,908.19
13498,932,907.82
13499,932,897.57
13500,932,908.47
13501,932,914.5
13502,932,918.59
13503,932,908.81
13504,932,904.05
13505,932,898.16
13506,932,910.18
13507,932,911.99
13508,932,907.59
13509,932,899.11
13510,932,906.02
13511,932,912.05
13512,932,901.69
13513,932,914.85
13514,932,898.99
13515,932,898.88
13516,932,917.01
13517,932,920.61
13518,932,911.34
13519,932,918.27
13520,932,919.0
13521,932,907.08
13522,932,917.34
13523,932,922.14
13524,932,917.1
13525,932,909.72
13526,932,917.62
13527,932,914.69
13528,932,887.69
13529,932,907.72
13530,932,917.43
13531,932,905.95
13532,932,902.69
13533,932,911.11
13534,932,905.03
13535,932,898.5
13536,932,909.29
13537,932,912.82
13538,932,912.32
13539,932,898.41
13540,932,899.68
13541,932,892.71
13542,932,921.66
13543,932,915.6
13544,932,910.99
13545,932,914.49
13546,932,909.52
13547,932,915.11
13548,932,924.59
13549,932,913.8
13550,932,912.82
13551,932,898.37
13552,932,904.87
13553,932,916.12
13554,932,913.77
13555,932,902.96
13556,932,898.18
13557,932,909.59
13558,932,906.71
13559,932,893.94
13560,932,910.29
13561,932,904.44
13562,932,905.99
13563,932,908.17
13564,932,909.96
13565,932,917.05
13566,932,901.45
13567,932,920.69
13568,932,896.02
13569,932,909.91
13570,932,913.86
13571,932,906.5
13572,932,909.0
13573,932,902.98
13574,932,921.49
13575,932,911.19
13576,932,909.87
13577,932,908.69
13578,932,921.8
13579,932,910.31
13580,932,918.23
13581,932,915.6
13582,932,905.51
13583,932,918.5
13584,932,918.1
13585,932,914.3
13586,932,914.58
13587,932,913.29
13588,932,911.69
13589,932,907.08
13590,932,912.72
13591,932,912.29
13592,932,911.11
13593,932,910.2
13594,932,918.07
13595,932,913.34
13596,932,917.42
13597,932,917.08
13598,932,912.78
13599,932,901.34
13600,932,903.39
13601,932,918.24
13602,932,906.88
13603,932,905.42
13604,932,916.53
13605,932,904.96
13606,932,920.16
13607,932,922.56
13608,932,912.06
13609,932,903.18
13610,932,926.94
13611,932,903.96
13612,932,915.54
13613,932,917.7
13614,932,914.93
13615,932,899.62
13616,932,910.22
13617,932,917.05
13618,932,899.64
13619,932,906.84
13620,932,909.02
13621,932,921.53
13622,932,913.65
13623,932,907.54
13624,932,906.07
13625,932,908.46
13626,932,917.6
13627,932,922.31
13628,932,914.27
13629,932,915.15
13630,932,909.7
13631,932,911.79
13632,932,921.31
13633,932,909.3
13634,932,915.06
13635,932,920.66
13636,932,915.3
13637,932,915.66
13638,932,926.16
13639,932,900.35
13640,932,926.83
13641,932,899.94
13642,932,892.98
13643,932,909.53
13644,932,913.8
13645,932,892.53
13646,932,911.58
13647,932,900.51
13648,932,922.37
13649,932,919.27
13650,932,918.77
13651,932,915.12
13652,932,913.86
13653,932,912.05
13654,932,921.24
13655,932,907.4
13656,932,916.38
13657,932,908.69
13658,932,909.07
13659,932,916.36
13660,932,923.91
13661,932,913.07
13662,932,905.78
13663,932,905.38
13664,932,900.86
13665,932,905.2
13666,932,920.81
13667,932,923.03
13668,932,912.41
13669,932,912.64
13670,932,913.21
13671,932,910.53
13672,932,913.78
13673,932,921.82
13674,932,916.52
13675,932,917.99
13676,932,918.82
13677,932,907.83
13678,932,911.53
13679,932,914.77
13680,932,918.19
13681,932,917.25
13682,932,899.7
13683,932,907.89
13684,932,912.92
13685,932,910.46
13686,932,916.89
13687,932,927.55
13688,932,916.11
13689,932,917.52
13690,932,917.52
13691,932,912.86
13692,932,919.6
13693,932,913.74
13694,932,893.53
13695,932,909.25
13696,932,920.71
13697,932,918.02
13698,932,921.47
13699,932,909.74
13700,932,913.81
13701,932,912.71
13702,932,920.07
13703,932,915.05
13704,932,923.66
13705,932,916.96
13706,932,918.55
13707,932,917.11
13708,932,906.67
13709,932,910.44
13710,932,898.38
13711,932,906.53
13712,932,908.89
13713,932,915.09
13714,932,925.14
13715,932,912.06
13716,932,908.45
13717,932,918.0
13718,932,905.92
13719,932,908.55
13720,932,904.54
13721,932,919.7
13722,932,907.27
13723,932,906.41
13724,932,922.94
13725,932,927.38
13726,932,909.02
13727,932,905.76
13728,932,915.57
13729,932,920.94
13730,932,899.01
13731,932,911.21
13732,932,916.49
13733,932,916.35
13734,932,902.69
13735,932,918.71
13736,932,907.53
13737,932,901.05
13738,932,915.78
13739,932,901.27
13740,932,910.21
13741,932,921.99
13742,932,911.95
13743,932,911.32
13744,932,923.09
13745,932,915.97
13746,932,907.34
13747,932,918.74
13748,932,911.66
13749,932,919.53
13750,932,921.29
13751,932,918.48
13752,932,919.92
13753,932,912.25
13754,932,915.07
13755,932,917.66
13756,932,916.13
13757,932,910.47
13758,932,913.96
13759,932,909.23
13760,932,925.74
13761,932,905.02
13762,932,912.56
13763,932,914.6
13764,932,916.52
13765,932,906.07
13766,932,918.33
13767,932,912.73
13768,932,906.71
13769,932,914.25
13770,932,917.88
13771,932,917.73
13772,932,915.54
13773,932,908.38
13774,932,911.58
13775,932,898.04
13776,932,920.41
13777,932,903.42
13778,932,909.07
13779,932,908.91
13780,932,908.62
13781,932,916.2
13782,932,913.16
13783,932,918.48
13784,932,890.0
13785,932,891.6
13786,932,916.66
13787,932,913.75
13788,932,920.31
13789,932,916.95
13790,932,910.93
13791,932,903.32
13792,932,912.0
13793,932,905.38
13794,932,911.42
13795,932,904.65
13796,932,922.16
13797,932,905.46
13798,932,914.22
13799,932,917.52
13800,932,908.75
13801,932,915.57
13802,932,919.11
13803,932,915.3
13804,932,905.13
13805,932,918.72
13806,932,901.5
13807,932,911.23
13808,932,910.8
13809,932,911.72
13810,932,914.35
13811,932,913.8
13812,932,927.58
13813,932,920.05
13814,932,902.14
13815,932,908.69
13816,932,910.9
13817,932,911.02
13818,932,920.18
13819,932,908.79
13820,932,913.19
13821,932,896.35
13822,932,919.67
13823,932,910.33
13824,932,902.24
13825,932,895.03
13826,932,919.07
13827,932,918.79
13828,932,912.5
13829,932,919.46
13830,932,910.41
13831,932,913.28
13832,932,898.26
13833,932,913.11
13834,932,902.57
13835,932,914.8
13836,932,918.74
13837,932,909.03
13838,932,907.33
13839,932,919.48
13840,932,912.61
13841,932,912.49
13842,932,913.58
13843,932,913.51
13844,932,909.5
13845,932,912.81
13846,932,902.04
13847,932,918.6
13848,932,913.79
13849,932,915.97
13850,932,917.24
13851,932,914.89
13852,932,918.69
13853,932,907.63
13854,932,903.8
13855,932,897.56
13856,932,902.58
13857,932,921.02
13858,932,920.4
13859,932,915.86
13860,932,889.44
13861,932,921.75
13862,932,901.66
13863,932,911.27
13864,932,905.06
13865,932,917.18
13866,932,895.78
13867,932,905.89
13868,932,916.22
13869,932,907.26
13870,932,915.94
13871,932,913.32
13872,932,911.89
13873,932,903.16
13874,932,917.07
13875,932,916.7
13876,932,918.9
13877,932,914.95
13878,932,922.28
13879,932,899.48
13880,932,921.87
13881,932,915.43
13882,932,905.54
13883,932,922.75
13884,932,915.74
13885,932,903.1
13886,932,914.99
13887,932,910.35
13888,932,892.9
13889,932,906.42
13890,932,917.81
13891,932,917.16
13892,932,908.24
13893,932,902.43
13894,932,920.09
13895,932,911.3
13896,932,907.62
13897,932,908.47
13898,932,912.87
13899,932,920.98
13900,932,904.4
13901,932,918.81
13902,932,907.62
13903,932,901.52
13904,932,923.01
13905,932,903.51
13906,932,913.17
13907,932,905.63
13908,932,914.33
13909,932,915.77
13910,932,904.6
13911,932,902.42
13912,932,921.42
13913,932,927.93
13914,932,916.01
13915,932,922.53
13916,932,904.96
13917,932,909.87
13918,932,918.07
13919,932,908.2
13920,932,903.48
13921,932,908.88
13922,932,910.75
13923,932,917.79
13924,932,922.66
13925,932,914.62
13926,932,906.96
13927,932,898.64
13928,932,910.11
13929,932,901.21
13930,932,916.44
13931,932,910.25
13932,932,915.53
13933,932,902.98
13934,932,914.58
13935,932,916.5
13936,932,923.92
13937,932,921.52
13938,932,918.37
13939,932,916.84
13940,932,922.08
13941,932,893.76
13942,932,921.96
13943,932,919.72
13944,932,908.28
13945,932,921.58
13946,932,915.48
13947,932,912.63
13948,932,914.95
13949,932,911.22
13950,932,910.44
13951,932,921.32
13952,932,903.43
13953,932,923.02
13954,932,901.56
13955,932,909.97
13956,932,922.69
13957,932,922.45
13958,932,917.42
13959,932,912.24
13960,932,922.44
13961,932,915.23
13962,932,917.3
13963,932,909.65
13964,932,913.17
13965,932,910.11
13966,932,910.23
13967,932,906.98
13968,932,907.39
13969,932,917.32
13970,932,920.27
13971,932,914.69
13972,932,915.72
13973,932,906.91
13974,932,898.64
13975,932,920.66
13976,932,910.49
13977,932,907.7
13978,932,912.42
13979,932,921.7
13980,932,911.18
13981,932,916.04
13982,932,914.76
13983,932,914.23
13984,932,912.65
13985,932,915.8
13986,932,904.78
13987,932,909.76
13988,932,909.74
13989,932,920.96
13990,932,915.26
13991,932,921.91
13992,932,911.04
13993,932,924.37
13994,932,913.7
13995,932,912.69
13996,932,910.16
13997,932,903.62
13998,932,914.53
13999,932,911.76
14000,932,904.38
14001,932,909.1
14002,932,909.49
14003,932,914.13
14004,932,911.69
14005,932,905.77
14006,932,904.26
14007,932,909.97
14008,932,912.76
14009,932,925.74
14010,932,911.41
14011,932,908.12
14012,932,913.75
14013,932,920.05
14014,932,912.86
14015,932,904.79
14016,932,897.67
14017,932,907.97
14018,932,909.07
14019,932,913.62
14020,932,913.22
14021,932,915.82
14022,932,906.7
14023,932,893.79
14024,932,919.25
14025,932,921.06
14026,932,909.72
14027,932,909.59
14028,932,919.89
14029,932,920.17
14030,932,912.36
14031,932,904.49
14032,932,909.43
14033,932,907.33
14034,932,912.8
14035,932,922.16
14036,932,909.82
14037,932,913.55
14038,932,908.28
14039,932,915.39
14040,932,911.84
14041,932,921.07
14042,932,906.49
14043,932,925.46
14044,932,917.0
14045,932,918.88
14046,932,926.11
14047,932,926.88
14048,932,921.52
14049,932,914.58
14050,932,907.96
14051,932,911.3
14052,932,921.72
14053,932,903.13
14054,932,905.73
14055,932,909.27
14056,932,912.55
14057,932,919.01
14058,932,909.55
14059,932,908.44
14060,932,909.73
14061,932,918.52
14062,932,903.43
14063,932,901.97
14064,932,916.94
14065,932,906.38
14066,932,908.28
14067,932,908.91
14068,932,919.87
14069,932,907.63
14070,932,904.44
14071,932,911.08
14072,932,915.47
14073,932,909.86
14074,932,907.64
14075,932,918.27
14076,932,916.36
14077,932,921.11
14078,932,909.4
14079,932,916.05
14080,932,921.77
14081,932,911.9
14082,932,911.79
14083,932,908.01
14084,932,918.69
14085,932,904.08
14086,932,916.69
14087,932,918.72
14088,932,917.21
14089,932,912.67
14090,932,910.5
14091,932,910.39
14092,932,907.73
14093,932,917.4
14094,932,918.14
14095,932,901.74
14096,932,912.64
14097,932,915.2
14098,932,923.09
14099,932,906.86
14100,932,899.43
14101,932,916.83
14102,932,900.2
14103,932,910.1
14104,932,912.15
14105,932,921.84
14106,932,913.69
14107,932,913.68
14108,932,915.94
14109,932,902.9
14110,932,912.03
14111,932,908.33
14112,932,916.27
14113,932,923.96
14114,932,910.23
14115,932,911.77
14116,932,927.63
14117,932,903.16
14118,932,918.69
14119,932,913.65
14120,932,919.5
14121,932,922.63
14122,932,911.15
14123,932,915.2
14124,932,904.36
14125,932,918.94
14126,932,906.68
14127,932,915.87
14128,932,910.68
14129,932,918.63
14130,932,909.23
14131,932,920.46
14132,932,908.34
14133,932,917.47
14134,932,922.71
14135,932,915.91
14136,932,913.75
14137,932,909.88
14138,932,906.95
14139,932,917.07
14140,932,912.41
14141,932,908.4
14142,932,910.3
14143,932,914.55
14144,932,915.64
14145,932,919.44
14146,932,919.59
14147,932,896.23
14148,932,920.84
14149,932,903.15
14150,932,902.51
14151,932,902.65
14152,932,904.14
14153,932,906.4
14154,932,901.93
14155,932,912.8
14156,932,901.3
14157,932,924.01
14158,932,913.35
14159,932,916.36
14160,932,917.39
14161,932,910.89
14162,932,909.38
14163,932,921.21
14164,932,895.0
14165,932,922.39
14166,932,904.43
14167,932,912.42
14168,932,914.87
14169,932,909.79
14170,932,911.34
14171,932,919.19
14172,932,924.55
14173,932,906.75
14174,932,902.41
14175,932,901.27
14176,932,917.87
14177,932,912.39
14178,932,916.87
14179,932,907.71
14180,932,905.18
14181,932,915.74
14182,932,918.39
14183,932,914.55
14184,932,909.49
14185,932,910.07
14186,932,907.53
14187,932,918.15
14188,932,913.63
14189,932,914.18
14190,932,912.23
14191,932,915.6
14192,932,908.81
14193,932,913.44
14194,932,925.76
14195,932,914.62
14196,932,914.13
14197,932,917.37
14198,932,917.41
14199,932,914.43
14200,932,910.48
14201,932,896.1
14202,932,908.09
14203,932,918.05
14204,932,910.81
14205,932,919.76
14206,932,915.61
14207,932,914.87
14208,932,894.77
14209,932,916.07
14210,932,913.25
14211,932,916.89
14212,932,922.07
14213,932,919.97
14214,932,910.53
14215,932,910.36
14216,932,916.02
14217,932,909.57
14218,932,910.48
14219,932,918.75
14220,932,894.44
14221,932,913.75
14222,932,925.11
14223,932,904.28
14224,932,922.71
14225,932,901.25
14226,932,900.38
14227,932,919.89
14228,932,909.35
14229,932,899.75
14230,932,917.32
14231,932,909.95
14232,932,908.35
14233,932,905.97
14234,932,903.02
14235,932,927.06
14236,932,917.65
14237,932,914.12
14238,932,921.01
14239,932,908.42
14240,932,910.66
14241,932,911.6
14242,932,927.65
14243,932,917.45
14244,932,905.21
14245,932,916.3
14246,932,912.2
14247,932,912.32
14248,932,915.48
14249,932,923.69
14250,932,916.52
14251,932,920.81
14252,932,921.0
14253,932,925.97
14254,932,904.37
14255,932,920.05
14256,932,900.84
14257,932,913.32
14258,932,915.0
14259,932,909.22
14260,932,915.81
14261,932,913.4
14262,932,910.12
14263,932,915.99
14264,932,923.58
14265,932,916.52
14266,932,913.63
14267,932,909.22
14268,932,912.95
14269,932,913.36
14270,932,906.92
14271,932,913.3
14272,932,913.69
14273,932,913.16
14274,932,916.3
14275,932,918.34
14276,932,918.28
14277,932,920.37
14278,932,907.74
14279,932,899.22
14280,932,910.42
14281,932,905.46
14282,932,906.77
14283,932,913.79
14284,932,921.13
14285,932,919.32
14286,932,902.37
14287,932,906.93
14288,932,914.66
14289,932,913.7
14290,932,911.0
14291,932,911.37
14292,932,917.85
14293,932,912.8
14294,932,921.52
14295,932,913.2
14296,932,905.33
14297,932,907.9
14298,932,914.33
14299,932,922.91
14300,932,918.38
14301,932,911.57
14302,932,910.53
14303,932,910.65
14304,932,923.58
14305,932,910.92
14306,932,917.35
14307,932,921.71
14308,932,917.57
14309,932,915.02
14310,932,923.5
14311,932,919.26
14312,932,925.48
14313,932,897.01
14314,932,912.95
14315,932,921.69
14316,932,911.74
14317,932,913.16
14318,932,914.28
14319,932,908.51
14320,932,908.73
14321,932,902.06
14322,932,919.14
14323,932,912.82
14324,932,902.28
14325,932,918.61
14326,932,904.59
14327,932,911.59
14328,932,904.38
14329,932,911.05
14330,932,910.58
14331,932,913.51
14332,932,911.47
14333,932,910.24
14334,932,911.37
14335,932,895.8
14336,932,915.99
14337,932,916.32
14338,932,901.09
14339,932,912.58
14340,932,915.11
14341,932,908.63
14342,932,912.27
14343,932,922.92
14344,932,922.44
14345,932,921.56
14346,932,922.39
14347,932,917.15
14348,932,917.93
14349,932,912.67
14350,932,909.59
14351,932,918.72
14352,932,916.8
14353,932,911.41
14354,932,917.59
14355,932,920.27
14356,932,913.25
14357,932,915.42
14358,932,913.84
14359,932,910.71
14360,932,921.5
14361,932,921.66
14362,932,901.3
14363,932,913.73
14364,932,918.49
14365,932,919.97
14366,932,903.73
14367,932,921.39
14368,932,915.48
14369,932,915.45
14370,932,917.3
14371,932,918.29
14372,932,912.71
14373,932,918.52
14374,932,918.16
14375,932,923.57
14376,932,918.23
14377,932,918.9
14378,932,906.68
14379,932,919.12
14380,932,897.9
14381,932,915.96
14382,932,917.32
14383,932,914.4
14384,932,907.56
14385,932,923.22
14386,932,916.49
14387,932,914.26
14388,932,903.71
14389,932,911.28
14390,932,914.0
14391,932,920.34
14392,932,916.82
14393,932,896.73
14394,932,923.81
14395,932,911.05
14396,932,911.44
14397,932,911.46
14398,932,911.32
14399,932,908.71
14400,932,900.18
14401,932,924.11
14402,932,908.53
14403,932,917.52
14404,932,897.59
14405,932,917.88
14406,932,915.3
14407,932,907.92
14408,932,915.87
14409,932,914.68
14410,932,921.29
14411,932,909.04
14412,932,911.77
14413,932,916.52
14414,932,911.44
14415,932,900.12
14416,932,919.19
14417,932,915.92
14418,932,921.04
14419,932,915.26
14420,932,912.17
14421,932,922.21
14422,932,913.64
14423,932,904.88
14424,932,920.84
14425,932,896.95
14426,932,925.16
14427,932,919.93
14428,932,916.81
14429,932,898.77
14430,932,913.35
14431,932,903.96
14432,932,913.58
14433,932,901.93
14434,932,913.28
14435,932,913.43
14436,932,913.5
14437,932,910.61
14438,932,915.87
14439,932,908.06
14440,932,915.5
14441,932,908.62
14442,932,906.67
14443,932,923.19
14444,932,916.25
14445,932,895.44
14446,932,919.31
14447,932,925.71
14448,932,916.03
14449,932,905.28
14450,932,910.46
14451,932,906.28
14452,932,898.42
14453,932,913.59
14454,932,907.13
14455,932,917.0
14456,932,896.57
14457,932,916.59
14458,932,914.69
14459,932,916.18
14460,932,919.29
14461,932,911.82
14462,932,891.42
14463,932,900.61
14464,932,924.45
14465,932,922.59
14466,932,899.71
14467,932,918.46
14468,932,895.25
14469,932,924.11
14470,932,913.76
14471,932,916.79
14472,932,917.74
14473,932,905.32
14474,932,910.24
14475,932,922.14
14476,932,919.15
14477,932,920.37
14478,932,907.32
14479,932,925.54
14480,932,912.1
14481,932,916.07
14482,932,913.28
14483,932,915.57
14484,932,909.2
14485,932,908.81
14486,932,913.35
14487,932,904.65
14488,932,916.02
14489,932,920.48
14490,932,906.13
14491,932,897.61
14492,932,918.67
14493,932,923.09
14494,932,920.82
14495,932,919.37
14496,932,904.83
14497,932,922.5
14498,932,911.33
14499,932,901.02
14500,932,909.48
14501,932,914.05
14502,932,915.46
14503,932,904.17
14504,932,894.6
14505,932,915.18
14506,932,918.74
14507,932,912.97
14508,932,899.17
14509,932,911.65
14510,932,917.22
14511,932,904.81
14512,932,905.55
14513,932,910.21
14514,932,925.13
14515,932,907.0
14516,932,901.39
14517,932,917.5
14518,932,904.46
14519,932,910.76
14520,932,899.44
14521,932,916.54
14522,932,915.74
14523,932,896.04
14524,932,906.3
14525,932,913.98
14526,932,907.04
14527,932,908.65
14528,932,913.62
14529,932,918.22
14530,932,905.33
14531,932,907.15
14532,932,900.57
14533,932,917.19
14534,932,917.4
14535,932,918.35
14536,932,913.0
14537,932,909.28
14538,932,905.83
14539,932,918.67
14540,932,896.29
14541,932,920.71
14542,932,916.17
14543,932,914.01
14544,932,911.02
14545,932,912.56
14546,932,912.93
14547,932,919.9
14548,932,916.03
14549,932,900.81
14550,932,915.78
14551,932,899.66
14552,932,915.5
14553,932,920.45
14554,932,923.61
14555,932,912.89
14556,932,907.79
14557,932,922.65
14558,932,907.22
14559,932,918.05
14560,932,917.37
14561,932,900.43
14562,932,921.02
14563,932,920.57
14564,932,913.11
14565,932,910.61
14566,932,922.84
14567,932,918.24
14568,932,914.3
14569,932,907.76
14570,932,903.5
14571,932,909.88
14572,932,916.4
14573,932,912.07
14574,932,908.26
14575,932,910.66
14576,932,918.7
14577,932,912.08
14578,932,900.1
14579,932,909.48
14580,932,922.49
14581,932,908.56
14582,932,909.86
14583,932,905.56
14584,932,922.49
14585,932,910.58
14586,932,901.89
14587,932,916.53
14588,932,906.14
14589,932,907.66
14590,932,914.3
14591,932,907.48
14592,932,905.37
14593,932,917.58
14594,932,916.31
14595,932,912.92
14596,932,917.5
14597,932,913.63
14598,932,900.84
14599,932,920.61
14600,932,910.02
14601,932,920.47
14602,932,921.45
14603,932,914.05
14604,932,910.72
14605,932,902.56
14606,932,903.27
14607,932,911.52
14608,932,914.47
14609,932,909.71
14610,932,905.75
14611,932,921.31
14612,932,913.6
14613,932,910.2
14614,932,910.71
14615,932,889.73
14616,932,923.02
14617,932,910.91
14618,932,916.4
14619,932,908.19
14620,932,906.16
14621,932,917.18
14622,932,907.51
14623,932,904.74
14624,932,906.02
14625,932,911.06
14626,932,898.98
14627,932,911.97
14628,932,912.39
14629,932,906.33
14630,932,927.78
14631,932,920.7
14632,932,911.61
14633,932,918.21
14634,932,918.47
14635,932,898.03
14636,932,912.41
14637,932,899.8
14638,932,916.93
14639,932,919.15
14640,932,901.3
14641,932,902.67
14642,932,900.76
14643,932,904.62
14644,932,914.61
14645,932,916.07
14646,932,896.26
14647,932,920.69
14648,932,913.63
14649,932,904.62
14650,932,903.88
14651,932,910.14
14652,932,922.81
14653,932,902.17
14654,932,908.16
14655,932,915.99
14656,932,910.18
14657,932,918.17
14658,932,922.73
14659,932,916.59
14660,932,894.97
14661,932,911.96
14662,932,907.68
14663,932,897.6
14664,932,918.52
14665,932,910.05
14666,932,899.54
14667,932,897.92
14668,932,919.2
14669,932,911.91
14670,932,909.06
14671,932,910.51
14672,932,917.41
14673,932,909.84
14674,932,921.24
14675,932,906.52
14676,932,910.61
14677,932,904.87
14678,932,908.75
14679,932,893.47
14680,932,914.94
14681,932,907.36
14682,932,908.05
14683,932,907.4
14684,932,915.46
14685,932,896.26
14686,932,918.31
14687,932,913.47
14688,932,907.14
14689,932,920.55
14690,932,903.37
14691,932,898.81
14692,932,915.53
14693,932,910.57
14694,932,917.25
14695,932,896.8
14696,932,921.84
14697,932,909.83
14698,932,906.18
14699,932,896.77
14700,932,908.56
14701,932,915.76
14702,932,924.13
14703,932,923.11
14704,932,910.8
14705,932,915.74
14706,932,915.31
14707,932,899.47
14708,932,899.83
14709,932,909.64
14710,932,896.97
14711,932,900.4
14712,932,906.63
14713,932,902.35
14714,932,901.59
14715,932,906.99
14716,932,926.28
14717,932,914.59
14718,932,905.88
14719,932,914.43
14720,932,919.19
14721,932,907.94
14722,932,913.73
14723,932,904.45
14724,932,912.92
14725,932,917.52
14726,932,917.6
14727,932,906.55
14728,932,918.2
14729,932,915.0
14730,932,924.53
14731,932,923.11
14732,932,904.41
14733,932,897.57
14734,932,906.91
14735,932,913.93
14736,932,914.56
14737,932,914.45
14738,932,912.65
14739,932,912.77
14740,932,911.65
14741,932,914.15
14742,932,903.17
14743,932,926.68
14744,932,917.94
14745,932,919.21
14746,932,889.25
14747,932,898.74
14748,932,911.2
14749,932,895.16
14750,932,921.99
14751,932,917.82
14752,932,918.0
14753,932,911.28
14754,932,922.02
14755,932,905.42
14756,932,904.24
14757,932,918.3
14758,932,915.94
14759,932,905.62
14760,932,914.9
14761,932,923.44
14762,932,920.16
14763,932,913.34
14764,932,917.02
14765,932,925.13
14766,932,915.67
14767,932,924.44
14768,932,922.66
14769,932,920.01
14770,932,910.14
14771,932,913.06
14772,932,911.56
14773,932,912.88
14774,932,910.29
14775,932,910.72
14776,932,913.72
14777,932,897.34
14778,932,910.9
14779,932,918.12
14780,932,919.94
14781,932,908.08
14782,932,914.37
14783,932,920.59
14784,932,910.96
14785,932,916.67
14786,932,902.54
14787,932,906.74
14788,932,904.45
14789,932,915.35
14790,932,914.52
14791,932,919.39
14792,932,908.01
14793,932,911.49
14794,932,913.73
14795,932,903.43
14796,932,912.22
14797,932,901.41
14798,932,917.24
14799,932,916.49
14800,932,906.06
14801,932,905.06
14802,932,923.91
14803,932,915.69
14804,932,918.49
14805,932,915.57
14806,932,913.03
14807,932,921.57
14808,932,913.58
14809,932,909.6
14810,932,926.61
14811,932,911.43
14812,932,919.35
14813,932,920.36
14814,932,910.0
14815,932,918.88
14816,932,921.19
14817,932,923.98
14818,932,916.31
14819,932,922.59
14820,932,916.23
14821,932,904.77
14822,932,918.37
14823,932,906.27
14824,932,912.51
14825,932,909.49
14826,932,912.39
14827,932,912.73
14828,932,908.59
14829,932,906.42
14830,932,908.69
14831,932,908.63
14832,932,917.56
14833,932,913.09
14834,932,920.77
14835,932,916.03
14836,932,906.33
14837,932,918.65
14838,932,916.83
14839,932,921.96
14840,932,922.28
14841,932,907.57
14842,932,904.68
14843,932,919.92
14844,932,925.73
14845,932,917.1
14846,932,913.73
14847,932,920.72
14848,932,909.8
14849,932,910.62
14850,932,906.22
14851,932,914.6
14852,932,910.9
14853,932,914.64
14854,932,915.84
14855,932,898.81
14856,932,918.23
14857,932,913.86
14858,932,909.67
14859,932,901.9
14860,932,902.26
14861,932,924.08
14862,932,918.74
14863,932,907.55
14864,932,918.91
14865,932,918.67
14866,932,904.27
14867,932,915.08
14868,932,915.51
14869,932,913.29
14870,932,914.03
14871,932,922.71
14872,932,912.54
14873,932,913.09
14874,932,912.23
14875,932,892.14
14876,932,919.99
14877,932,910.41
14878,932,917.77
14879,932,911.89
14880,932,904.84
14881,932,914.69
14882,932,920.99
14883,932,927.68
14884,932,914.0
14885,932,916.57
14886,932,913.58
14887,932,912.8
14888,932,909.6
14889,932,911.41
14890,932,920.04
14891,932,912.14
14892,932,906.57
14893,932,904.34
14894,932,922.71
14895,932,916.11
14896,932,916.65
14897,932,907.77
14898,932,910.28
14899,932,923.71
14900,932,898.66
14901,932,913.87
14902,932,919.44
14903,932,923.76
14904,932,913.63
14905,932,920.64
14906,932,900.14
14907,932,908.84
14908,932,911.08
14909,932,925.62
14910,932,910.58
14911,932,905.92
14912,932,913.96
14913,932,918.25
14914,932,917.77
14915,932,902.56
14916,932,892.15
14917,932,910.33
14918,932,902.38
14919,932,898.78
14920,932,908.21
14921,932,904.72
14922,932,894.97
14923,932,907.31
14924,932,916.93
14925,932,922.15
14926,932,914.7
14927,932,915.33
14928,932,919.84
14929,932,902.97
14930,932,889.95
14931,932,911.23
14932,932,914.03
14933,932,913.78
14934,932,919.05
14935,932,911.47
14936,932,913.38
14937,932,916.36
14938,932,908.3
14939,932,914.24
14940,932,921.04
14941,932,905.83
14942,932,909.01
14943,932,916.72
14944,932,909.23
14945,932,920.37
14946,932,908.12
14947,932,912.24
14948,932,918.97
14949,932,919.56
14950,932,906.15
14951,932,918.45
14952,932,913.95
14953,932,919.39
14954,932,917.5
14955,932,911.73
14956,932,906.81
14957,932,917.77
14958,932,920.24
14959,932,914.43
14960,932,902.69
14961,932,911.6
14962,932,920.87
14963,932,912.2
14964,932,925.26
14965,932,911.57
14966,932,915.55
14967,932,911.32
14968,932,900.22
14969,932,890.19
14970,932,914.15
14971,932,907.26
14972,932,922.84
14973,932,923.12
14974,932,912.35
14975,932,924.58
14976,932,909.53
14977,932,914.09
14978,932,925.11
14979,932,914.18
14980,932,929.35
14981,932,924.11
14982,932,904.8
14983,932,929.0
14984,932,915.38
14985,932,921.89
14986,932,908.98
14987,932,906.22
14988,932,914.12
14989,932,900.54
14990,932,912.11
14991,932,920.43
14992,932,922.71
14993,932,921.43
14994,932,911.14
14995,932,917.64
14996,932,909.26
14997,932,904.69
14998,932,918.58
14999,932,920.36
15000,932,919.86
15001,932,921.81
15002,932,900.62
15003,932,899.79
15004,932,910.68
15005,932,913.62
15006,932,914.75
15007,932,914.83
15008,932,916.4
15009,932,905.39
15010,932,904.36
15011,932,911.03
15012,932,914.77
15013,932,921.47
15014,932,913.28
15015,932,918.95
15016,932,906.1
15017,932,913.74
15018,932,911.74
15019,932,907.79
15020,932,900.29
15021,932,903.93
15022,932,916.47
15023,932,922.76
15024,932,913.99
15025,932,908.46
15026,932,904.95
15027,932,907.08
15028,932,897.26
15029,932,913.89
15030,932,908.31
15031,932,910.58
15032,932,900.28
15033,932,914.7
15034,932,925.65
15035,932,904.45
15036,932,907.89
15037,932,918.32
15038,932,917.33
15039,932,917.63
15040,932,907.35
15041,932,911.52
15042,932,914.49
15043,932,916.91
15044,932,907.74
15045,932,914.06
15046,932,898.96
15047,932,895.8
15048,932,917.62
15049,932,904.3
15050,932,923.21
15051,932,912.36
15052,932,912.23
15053,932,920.1
15054,932,908.75
15055,932,915.52
15056,932,914.18
15057,932,912.48
15058,932,921.92
15059,932,904.59
15060,932,918.35
15061,932,925.24
15062,932,918.25
15063,932,923.41
15064,932,911.18
15065,932,919.16
15066,932,908.19
15067,932,917.23
15068,932,905.89
15069,932,906.56
15070,932,919.85
15071,932,912.97
15072,932,906.68
15073,932,909.64
15074,932,908.1
15075,932,918.62
15076,932,908.64
15077,932,914.76
15078,932,915.3
15079,932,910.97
15080,932,915.57
15081,932,918.2
15082,932,901.52
15083,932,915.84
15084,932,908.28
15085,932,909.82
15086,932,911.26
15087,932,911.65
15088,932,923.42
15089,932,919.75
15090,932,910.96
15091,932,904.39
15092,932,919.24
15093,932,913.61
15094,932,911.78
15095,932,913.07
15096,932,916.18
15097,932,924.85
15098,932,912.78
15099,932,911.2
15100,932,894.58
15101,932,922.0
15102,932,910.66
15103,932,921.42
15104,932,913.29
15105,932,916.89
15106,932,912.12
15107,932,916.18
15108,932,915.04
15109,932,898.91
15110,932,908.07
15111,932,902.5
15112,932,920.32
15113,932,909.11
15114,932,903.17
15115,932,909.51
15116,932,915.25
15117,932,909.14
15118,932,907.41
15119,932,921.02
15120,932,921.43
15121,932,923.11
15122,932,909.36
15123,932,914.75
15124,932,916.37
15125,932,918.86
15126,932,901.02
15127,932,889.04
15128,932,909.94
15129,932,912.62
15130,932,915.94
15131,932,918.9
15132,932,924.7
15133,932,896.26
15134,932,908.99
15135,932,913.66
15136,932,891.35
15137,932,906.17
15138,932,912.36
15139,932,914.0
15140,932,900.04
15141,932,914.35
15142,932,907.1
15143,932,895.7
15144,932,899.85
15145,932,911.45
15146,932,911.06
15147,932,914.01
15148,932,906.4
15149,932,917.3
15150,932,903.78
15151,932,906.41
15152,932,916.08
15153,932,915.38
15154,932,905.66
15155,932,920.64
15156,932,900.37
15157,932,917.62
15158,932,920.69
15159,932,904.42
15160,932,907.88
15161,932,906.13
15162,932,901.65
15163,932,917.05
15164,932,907.2
15165,932,912.44
15166,932,914.75
15167,932,909.95
15168,932,914.46
15169,932,914.8
15170,932,915.45
15171,932,906.09
15172,932,912.19
15173,932,912.31
15174,932,922.67
15175,932,903.85
15176,932,914.0
15177,932,895.33
15178,932,903.81
15179,932,913.52
15180,932,917.3
15181,932,910.71
15182,932,922.04
15183,932,917.47
15184,932,915.1
15185,932,917.74
15186,932,909.5
15187,932,915.27
15188,932,920.15
15189,932,916.59
15190,932,908.26
15191,932,907.04
15192,932,915.0
15193,932,910.49
15194,932,919.1
15195,932,905.91
15196,932,919.07
15197,932,910.21
15198,932,909.21
15199,932,905.49
15200,932,917.47
15201,932,898.76
15202,932,896.69
15203,932,913.38
15204,932,901.8
15205,932,907.05
15206,932,919.72
15207,932,906.56
15208,932,891.06
15209,932,925.18
15210,932,909.39
15211,932,918.0
15212,932,900.25
15213,932,912.11
15214,932,907.97
15215,932,915.11
15216,932,912.26
15217,932,924.24
15218,932,915.3
15219,932,921.04
15220,932,906.09
15221,932,921.64
15222,932,919.82
15223,932,901.77
15224,932,920.12
15225,932,914.57
15226,932,913.9
15227,932,918.61
15228,932,912.56
15229,932,914.72
15230,932,921.11
15231,932,911.22
15232,932,918.9
15233,932,913.51
15234,932,914.0
15235,932,920.24
15236,932,919.12
15237,932,911.56
15238,932,917.91
15239,932,922.41
15240,932,918.6
15241,932,918.81
15242,932,918.37
15243,932,919.83
15244,932,907.13
15245,932,913.7
15246,932,915.83
15247,932,921.46
15248,932,909.85
15249,932,912.03
15250,932,910.36
15251,932,914.43
15252,932,920.42
15253,932,897.56
15254,932,921.08
15255,932,915.85
15256,932,916.6
15257,932,902.53
15258,932,901.99
15259,932,912.46
15260,932,919.49
15261,932,904.04
15262,932,921.27
15263,932,909.64
15264,932,911.85
15265,932,911.07
15266,932,908.23
15267,932,909.84
15268,932,894.43
15269,932,913.7
15270,932,914.07
15271,932,895.2
15272,932,914.97
15273,932,920.78
15274,932,918.06
15275,932,905.78
15276,932,905.91
15277,932,911.51
15278,932,921.22
15279,932,908.21
15280,932,901.82
15281,932,908.29
15282,932,904.25
15283,932,912.16
15284,932,912.18
15285,932,913.86
15286,932,916.69
15287,932,921.24
15288,932,911.26
15289,932,908.74
15290,932,911.72
15291,932,913.88
15292,932,907.03
15293,932,909.2
15294,932,893.84
15295,932,922.31
15296,932,913.71
15297,932,901.54
15298,932,913.73
15299,932,922.84
15300,932,908.86
15301,932,921.96
15302,932,912.21
15303,932,915.38
15304,932,916.08
15305,932,919.62
15306,932,917.04
15307,932,915.27
15308,932,916.75
15309,932,920.09
15310,932,909.04
15311,932,907.78
15312,932,916.8
15313,932,915.73
15314,932,909.93
15315,932,900.21
15316,932,906.09
15317,932,909.52
15318,932,911.19
15319,932,918.24
15320,932,923.29
15321,932,919.34
15322,932,909.37
15323,932,908.29
15324,932,906.82
15325,932,917.0
15326,932,894.48
15327,932,904.83
15328,932,909.44
15329,932,899.99
15330,932,899.55
15331,932,909.61
15332,932,914.33
15333,932,911.93
15334,932,918.15
15335,932,904.77
15336,932,922.81
15337,932,918.07
15338,932,927.39
15339,932,909.5
15340,932,919.05
15341,932,917.39
15342,932,917.12
15343,932,917.47
15344,932,908.74
15345,932,915.51
15346,932,912.94
15347,932,909.71
15348,932,921.32
15349,932,917.14
15350,932,907.99
15351,932,895.34
15352,932,920.22
15353,932,910.61
15354,932,921.86
15355,932,925.95
15356,932,899.97
15357,932,908.67
15358,932,918.84
15359,932,922.09
15360,932,903.14
15361,932,915.37
15362,932,918.44
15363,932,909.16
15364,932,908.99
15365,932,905.38
15366,932,919.44
15367,932,905.23
15368,932,888.91
15369,932,919.87
15370,932,917.56
15371,932,912.95
15372,932,908.36
15373,932,914.63
15374,932,918.09
15375,932,917.64
15376,932,911.51
15377,932,920.77
15378,932,903.68
15379,932,902.19
15380,932,919.2
15381,932,918.8
15382,932,908.24
15383,932,905.4
15384,932,913.64
15385,932,923.81
15386,932,922.51
15387,932,915.11
15388,932,921.84
15389,932,915.47
15390,932,905.22
15391,932,917.25
15392,932,923.76
15393,932,918.47
15394,932,913.78
15395,932,919.71
15396,932,917.79
15397,932,903.64
15398,932,920.12
15399,932,906.45
15400,932,918.05
15401,932,887.17
15402,932,925.75
15403,932,923.55
15404,932,916.53
15405,932,922.46
15406,932,921.82
15407,932,902.47
15408,932,928.95
15409,932,895.41
15410,932,912.07
15411,932,916.2
15412,932,906.88
15413,932,923.4
15414,932,924.26
15415,932,900.09
15416,932,909.93
15417,932,922.02
15418,932,905.9
15419,932,924.13
15420,932,896.73
15421,932,918.53
15422,932,906.24
15423,932,905.79
15424,932,907.51
15425,932,918.85
15426,932,913.75
15427,932,922.73
15428,932,919.11
15429,932,914.37
15430,932,914.41
15431,932,896.98
15432,932,906.22
15433,932,906.23
15434,932,916.69
15435,932,906.83
15436,932,915.95
15437,932,916.38
15438,932,912.6
15439,932,903.22
15440,932,911.24
15441,932,922.15
15442,932,905.81
15443,932,901.84
15444,932,908.28
15445,932,903.33
15446,932,920.17
15447,932,907.14
15448,932,904.29
15449,932,910.96
15450,932,905.59
15451,932,907.87
15452,932,916.78
15453,932,918.2
15454,932,920.54
15455,932,905.11
15456,932,928.78
15457,932,914.87
15458,932,911.48
15459,932,906.57
15460,932,921.91
15461,932,921.64
15462,932,907.68
15463,932,915.84
15464,932,913.46
15465,932,918.89
15466,932,914.82
15467,932,894.71
15468,932,901.96
15469,932,911.65
15470,932,915.1
15471,932,913.54
15472,932,917.46
15473,932,925.21
15474,932,925.21
15475,932,911.61
15476,932,914.05
15477,932,923.5
15478,932,912.26
15479,932,889.35
15480,932,908.07
15481,932,905.83
15482,932,921.07
15483,932,905.18
15484,932,919.95
15485,932,909.61
15486,932,909.07
15487,932,914.52
15488,932,915.58
15489,932,909.84
15490,932,911.06
15491,932,912.01
15492,932,921.47
15493,932,922.58
15494,932,904.96
15495,932,900.64
15496,932,908.97
15497,932,914.48
15498,932,919.45
15499,932,908.97
15500,932,924.68
15501,932,923.06
15502,932,914.05
15503,932,907.52
15504,932,909.83
15505,932,918.93
15506,932,906.18
15507,932,902.99
15508,932,912.98
15509,932,916.83
15510,932,910.75
15511,932,901.55
15512,932,903.99
15513,932,925.11
15514,932,919.18
15515,932,907.78
15516,932,915.44
15517,932,906.39
15518,932,921.96
15519,932,905.58
15520,932,907.24
15521,932,913.23
15522,932,921.44
15523,932,911.06
15524,932,923.52
15525,932,903.0
15526,932,913.51
15527,932,919.11
15528,932,913.79
15529,932,919.82
15530,932,912.1
15531,932,920.52
15532,932,901.91
15533,932,906.2
15534,932,902.09
15535,932,899.31
15536,932,919.1
15537,932,901.28
15538,932,915.2
15539,932,908.33
15540,932,907.06
15541,932,897.66
15542,932,921.57
15543,932,908.6
15544,932,915.91
15545,932,918.24
15546,932,913.83
15547,932,921.97
15548,932,914.18
15549,932,913.98
15550,932,909.26
15551,932,912.09
15552,932,910.07
15553,932,908.43
15554,932,911.15
15555,932,907.3
15556,932,923.37
15557,932,902.08
15558,932,917.52
15559,932,915.97
15560,932,915.04
15561,932,915.19
15562,932,920.64
15563,932,925.59
15564,932,911.89
15565,932,911.56
15566,932,910.05
15567,932,901.17
15568,932,920.79
15569,932,923.4
15570,932,911.87
15571,932,910.27
15572,932,907.26
15573,932,908.49
15574,932,910.44
15575,932,908.12
15576,932,909.4
15577,932,922.06
15578,932,911.74
15579,932,908.24
15580,932,916.62
15581,932,912.78
15582,932,917.06
15583,932,920.13
15584,932,924.91
15585,932,912.73
15586,932,897.71
15587,932,919.35
15588,932,891.24
15589,932,904.06
15590,932,914.33
15591,932,915.22
15592,932,913.06
15593,932,913.32
15594,932,919.33
15595,932,897.12
15596,932,893.98
15597,932,895.5
15598,932,909.25
15599,932,912.98
15600,932,907.05
15601,932,908.36
15602,932,913.09
15603,932,921.54
15604,932,909.83
15605,932,906.97
15606,932,889.53
15607,932,914.7
15608,932,903.47
15609,932,915.06
15610,932,915.59
15611,932,909.67
15612,932,903.45
15613,932,914.62
15614,932,913.06
15615,932,921.87
15616,932,915.77
15617,932,921.0
15618,932,909.73
15619,932,920.85
15620,932,916.4
15621,932,920.35
15622,932,902.2
15623,932,923.99
15624,932,915.8
15625,932,920.0
15626,932,911.19
15627,932,920.1
15628,932,915.8
15629,932,909.02
15630,932,909.9
15631,932,906.54
15632,932,923.83
15633,932,920.84
15634,932,917.32
15635,932,921.32
15636,932,903.34
15637,932,918.01
15638,932,916.35
15639,932,918.52
15640,932,915.45
15641,932,915.39
15642,932,918.74
15643,932,912.96
15644,932,915.38
15645,932,913.87
15646,932,908.83
15647,932,920.71
15648,932,915.46
15649,932,910.25
15650,932,904.01
15651,932,923.96
15652,932,913.08
15653,932,910.88
15654,932,916.44
15655,932,911.92
15656,932,920.79
15657,932,921.14
15658,932,907.53
15659,932,899.45
15660,932,904.62
15661,932,913.99
15662,932,911.57
15663,932,912.04
15664,932,916.8
15665,932,910.66
15666,932,905.75
15667,932,920.67
15668,932,918.4
15669,932,911.01
15670,932,907.83
15671,932,922.49
15672,932,899.48
15673,932,894.94
15674,932,914.14
15675,932,922.56
15676,932,911.05
15677,932,907.11
15678,932,912.58
15679,932,919.04
15680,932,920.12
15681,932,917.19
15682,932,914.05
15683,932,911.08
15684,932,914.99
15685,932,912.15
15686,932,908.34
15687,932,922.27
15688,932,911.39
15689,932,917.66
15690,932,911.46
15691,932,917.13
15692,932,919.87
15693,932,906.79
15694,932,908.43
15695,932,918.0
15696,932,914.11
15697,932,920.83
15698,932,903.76
15699,932,908.36
15700,932,913.22
15701,932,911.69
15702,932,916.52
15703,932,916.77
15704,932,915.29
15705,932,915.92
15706,932,913.56
15707,932,920.04
15708,932,911.44
15709,932,922.94
15710,932,917.05
15711,932,913.26
15712,932,918.39
15713,932,915.67
15714,932,900.63
15715,932,900.61
15716,932,910.79
15717,932,919.09
15718,932,903.2
15719,932,917.63
15720,932,904.51
15721,932,906.67
15722,932,923.06
15723,932,913.46
15724,932,910.81
15725,932,914.18
15726,932,909.23
15727,932,900.29
15728,932,917.32
15729,932,919.59
15730,932,924.85
15731,932,916.82
15732,932,918.18
15733,932,917.6
15734,932,914.57
15735,932,923.19
15736,932,914.53
15737,932,923.66
15738,932,904.27
15739,932,917.74
15740,932,907.0
15741,932,907.17
15742,932,917.0
15743,932,907.45
15744,932,919.94
15745,932,915.4
15746,932,909.16
15747,932,914.1
15748,932,900.18
15749,932,909.74
15750,932,910.0
15751,932,903.47
15752,932,913.38
15753,932,924.28
15754,932,904.4
15755,932,912.28
15756,932,919.29
15757,932,904.36
15758,932,911.2
15759,932,910.13
15760,932,915.83
15761,932,916.22
15762,932,915.55
15763,932,912.38
15764,932,904.91
15765,932,920.79
15766,932,926.98
15767,932,907.67
15768,932,908.79
15769,932,919.94
15770,932,902.54
15771,932,911.6
15772,932,909.25
15773,932,919.55
15774,932,899.97
15775,932,917.68
15776,932,907.12
15777,932,912.78
15778,932,900.48
15779,932,919.5
15780,932,903.21
15781,932,914.09
15782,932,903.29
15783,932,911.6
15784,932,911.3
15785,932,911.51
15786,932,920.73
15787,932,916.71
15788,932,913.53
15789,932,907.62
15790,932,908.68
15791,932,913.89
15792,932,922.07
15793,932,907.63
15794,932,915.78
15795,932,906.75
15796,932,923.29
15797,932,913.85
15798,932,915.24
15799,932,915.41
15800,932,917.55
15801,932,919.18
15802,932,904.84
15803,932,898.52
15804,932,921.89
15805,932,918.98
15806,932,914.97
15807,932,918.71
15808,932,914.87
15809,932,902.34
15810,932,914.95
15811,932,903.81
15812,932,918.0
15813,932,906.38
15814,932,917.77
15815,932,917.34
15816,932,904.13
15817,932,914.21
15818,932,907.09
15819,932,901.16
15820,932,904.27
15821,932,912.9
15822,932,921.79
15823,932,914.29
15824,932,919.75
15825,932,915.18
15826,932,915.83
15827,932,907.78
15828,932,913.78
15829,932,921.96
15830,932,914.73
15831,932,910.66
15832,932,918.29
15833,932,909.05
15834,932,909.61
15835,932,904.69
15836,932,911.25
15837,932,905.74
15838,932,903.73
15839,932,900.63
15840,932,913.5
15841,932,911.02
15842,932,922.56
15843,932,923.16
15844,932,905.29
15845,932,904.9
15846,932,893.19
15847,932,918.47
15848,932,919.71
15849,932,915.77
15850,932,912.77
15851,932,904.01
15852,932,922.55
15853,932,898.67
15854,932,919.95
15855,932,927.66
15856,932,907.2
15857,932,911.83
15858,932,915.02
15859,932,914.34
15860,932,911.25
15861,932,914.68
15862,932,909.64
15863,932,924.51
15864,932,910.31
15865,932,909.42
15866,932,920.33
15867,932,913.6
15868,932,924.43
15869,932,923.43
15870,932,912.03
15871,932,911.5
15872,932,901.39
15873,932,918.8
15874,932,908.71
15875,932,919.14
15876,932,914.23
15877,932,904.41
15878,932,913.01
15879,932,921.84
15880,932,906.08
15881,932,895.27
15882,932,920.51
15883,932,902.66
15884,932,916.9
15885,932,922.79
15886,932,910.25
15887,932,913.34
15888,932,923.24
15889,932,915.87
15890,932,917.53
15891,932,907.38
15892,932,916.52
15893,932,896.95
15894,932,907.11
15895,932,904.47
15896,932,915.51
15897,932,923.81
15898,932,915.04
15899,932,894.29
15900,932,907.07
15901,932,902.25
15902,932,906.41
15903,932,915.36
15904,932,925.19
15905,932,911.36
15906,932,904.29
15907,932,906.7
15908,932,915.58
15909,932,908.63
15910,932,914.16
15911,932,911.16
15912,932,910.96
15913,932,918.2
15914,932,910.54
15915,932,903.01
15916,932,919.79
15917,932,907.28
15918,932,908.33
15919,932,905.6
15920,932,914.93
15921,932,921.95
15922,932,918.55
15923,932,922.14
15924,932,914.47
15925,932,911.3
15926,932,916.61
15927,932,921.17
15928,932,924.03
15929,932,906.69
15930,932,923.17
15931,932,907.59
15932,932,917.67
15933,932,919.67
15934,932,907.22
15935,932,912.45
15936,932,926.78
15937,932,920.38
15938,932,907.25
15939,932,914.8
15940,932,906.44
15941,932,916.43
15942,932,906.85
15943,932,914.06
15944,932,909.65
15945,932,910.4
15946,932,917.7
15947,932,905.99
15948,932,916.08
15949,932,922.49
15950,932,895.21
15951,932,904.75
15952,932,900.33
15953,932,922.86
15954,932,917.22
15955,932,904.07
15956,932,915.82
15957,932,912.78
15958,932,912.58
15959,932,916.45
15960,932,914.36
15961,932,914.08
15962,932,919.12
15963,932,903.37
15964,932,913.43
15965,932,917.83
15966,932,921.29
15967,932,908.76
15968,932,923.36
15969,932,907.58
15970,932,912.06
15971,932,921.76
15972,932,913.64
15973,932,912.55
15974,932,907.97
15975,932,903.07
15976,932,917.06
15977,932,914.63
15978,932,920.44
15979,932,919.34
15980,932,914.38
15981,932,924.39
15982,932,906.73
15983,932,908.33
15984,932,924.24
15985,932,923.59
15986,932,908.51
15987,932,912.64
15988,932,912.58
15989,932,915.53
15990,932,909.07
15991,932,910.58
15992,932,915.32
15993,932,914.92
15994,932,908.09
15995,932,920.67
15996,932,925.24
15997,932,911.08
15998,932,919.62
15999,932,916.46
16000,932,901.25
16001,932,921.77
16002,932,920.49
16003,932,901.54
16004,932,921.05
16005,932,925.93
16006,932,926.5
16007,932,912.29
16008,932,928.33
16009,932,912.05
16010,932,903.77
16011,932,900.92
16012,932,918.88
16013,932,917.7
16014,932,920.74
16015,932,907.77
16016,932,917.67
16017,932,923.14
16018,932,921.75
16019,932,913.66
16020,932,914.1
16021,932,911.9
16022,932,924.44
16023,932,908.93
16024,932,910.35
16025,932,906.01
16026,932,909.88
16027,932,919.19
16028,932,903.57
16029,932,920.54
16030,932,920.0
16031,932,913.16
16032,932,911.27
16033,932,899.22
16034,932,917.56
16035,932,918.52
16036,932,896.94
16037,932,918.54
16038,932,915.37
16039,932,903.1
16040,932,917.21
16041,932,886.16
16042,932,914.58
16043,932,912.03
16044,932,905.05
16045,932,920.94
16046,932,901.84
16047,932,901.54
16048,932,918.9
16049,932,905.98
16050,932,919.89
16051,932,913.5
16052,932,908.38
16053,932,921.57
16054,932,919.66
16055,932,905.65
16056,932,915.11
16057,932,911.49
16058,932,896.68
16059,932,913.58
16060,932,908.82
16061,932,914.64
16062,932,913.74
16063,932,912.55
16064,932,911.2
16065,932,919.88
16066,932,906.26
16067,932,920.2
16068,932,908.76
16069,932,921.14
16070,932,910.57
16071,932,915.94
16072,932,919.4
16073,932,903.61
16074,932,912.7
16075,932,918.97
16076,932,923.65
16077,932,911.78
16078,932,916.45
16079,932,912.83
16080,932,907.79
16081,932,919.38
16082,932,914.35
16083,932,910.62
16084,932,905.62
16085,932,904.27
16086,932,904.93
16087,932,925.65
16088,932,896.79
16089,932,914.93
16090,932,920.25
16091,932,924.91
16092,932,918.07
16093,932,913.77
16094,932,901.8
16095,932,897.32
16096,932,922.43
16097,932,905.62
16098,932,918.36
16099,932,913.66
16100,932,910.23
16101,932,921.58
16102,932,926.9
16103,932,911.85
16104,932,912.55
16105,932,906.3
16106,932,922.45
16107,932,911.33
16108,932,924.99
16109,932,918.57
16110,932,907.47
16111,932,904.46
16112,932,909.49
16113,932,917.5
16114,932,906.71
16115,932,912.31
16116,932,913.86
16117,932,904.83
16118,932,912.4
16119,932,908.74
16120,932,908.57
16121,932,912.75
16122,932,914.53
16123,932,907.91
16124,932,916.55
16125,932,916.43
16126,932,918.59
16127,932,917.18
16128,932,925.38
16129,932,910.28
16130,932,903.8
16131,932,906.35
16132,932,905.2
16133,932,907.1
16134,932,912.35
16135,932,913.24
16136,932,917.59
16137,932,911.99
16138,932,926.33
16139,932,914.04
16140,932,926.03
16141,932,914.23
16142,932,926.51
16143,932,908.2
16144,932,895.68
16145,932,909.04
16146,932,905.84
16147,932,915.97
16148,932,914.47
16149,932,916.36
16150,932,915.08
16151,932,904.35
16152,932,919.4
16153,932,903.15
16154,932,912.49
16155,932,913.48
16156,932,919.23
16157,932,916.35
16158,932,917.81
16159,932,919.05
16160,932,911.35
16161,932,909.54
16162,932,923.77
16163,932,908.06
16164,932,902.26
16165,932,910.07
16166,932,913.18
16167,932,895.36
16168,932,905.99
16169,932,894.26
16170,932,905.55
16171,932,910.76
16172,932,917.34
16173,932,901.26
16174,932,891.72
16175,932,903.23
16176,932,910.27
16177,932,919.22
16178,932,917.85
16179,932,906.6
16180,932,918.07
16181,932,898.99
16182,932,923.91
16183,932,911.93
16184,932,916.43
16185,932,905.55
16186,932,913.57
16187,932,916.11
16188,932,915.69
16189,932,893.96
16190,932,908.34
16191,932,912.31
16192,932,907.97
16193,932,916.09
16194,932,914.65
16195,932,913.5
16196,932,918.8
16197,932,916.66
16198,932,909.35
16199,932,900.87
16200,932,912.85
16201,932,914.46
16202,932,903.66
16203,932,906.74
16204,932,905.62
16205,932,915.13
16206,932,907.99
16207,932,910.74
16208,932,905.58
16209,932,917.15
16210,932,918.27
16211,932,917.45
16212,932,925.51
16213,932,906.98
16214,932,907.53
16215,932,917.9
16216,932,907.28
16217,932,915.38
16218,932,912.44
16219,932,919.69
16220,932,904.23
16221,932,907.99
16222,932,920.0
16223,932,924.19
16224,932,910.84
16225,932,923.09
16226,932,919.12
16227,932,920.07
16228,932,916.69
16229,932,903.54
16230,932,913.19
16231,932,920.33
16232,932,917.48
16233,932,895.67
16234,932,920.52
16235,932,913.11
16236,932,903.46
16237,932,914.59
16238,932,910.64
16239,932,899.35
16240,932,920.85
16241,932,903.03
16242,932,903.68
16243,932,918.12
16244,932,913.05
16245,932,912.78
16246,932,905.39
16247,932,921.74
16248,932,922.84
16249,932,917.25
16250,932,919.7
16251,932,899.33
16252,932,898.48
16253,932,923.74
16254,932,911.84
16255,932,918.09
16256,932,912.88
16257,932,909.14
16258,932,889.6
16259,932,897.93
16260,932,917.47
16261,932,910.14
16262,932,919.04
16263,932,918.87
16264,932,910.23
16265,932,914.05
16266,932,912.28
16267,932,916.31
16268,932,918.5
16269,932,915.01
16270,932,913.42
16271,932,915.65
16272,932,916.43
16273,932,913.49
16274,932,922.04
16275,932,906.62
16276,932,898.04
16277,932,925.86
16278,932,914.42
16279,932,899.61
16280,932,919.2
16281,932,896.95
16282,932,899.64
16283,932,915.89
16284,932,896.37
16285,932,922.56
16286,932,903.46
16287,932,916.11
16288,932,916.46
16289,932,899.71
16290,932,919.33
16291,932,908.11
16292,932,908.05
16293,932,913.2
16294,932,916.21
16295,932,912.63
16296,932,901.64
16297,932,919.88
16298,932,920.32
16299,932,916.34
16300,932,924.78
16301,932,918.44
16302,932,911.63
16303,932,902.67
16304,932,906.05
16305,932,914.67
16306,932,927.73
16307,932,905.0
16308,932,917.77
16309,932,920.34
16310,932,904.82
16311,932,914.68
16312,932,917.87
16313,932,903.53
16314,932,921.52
16315,932,909.19
16316,932,924.46
16317,932,909.03
16318,932,915.86
16319,932,886.82
16320,932,906.68
16321,932,905.06
16322,932,909.11
16323,932,907.95
16324,932,908.02
16325,932,916.74
16326,932,902.83
16327,932,914.66
16328,932,907.89
16329,932,918.64
16330,932,908.75
16331,932,921.41
16332,932,917.14
16333,932,905.26
16334,932,906.61
16335,932,913.89
16336,932,915.93
16337,932,900.33
16338,932,905.72
16339,932,918.76
16340,932,919.84
16341,932,904.5
16342,932,906.4
16343,932,918.87
16344,932,908.46
16345,932,904.37
16346,932,916.32
16347,932,908.4
16348,932,907.93
16349,932,916.62
16350,932,921.75
16351,932,907.56
16352,932,913.16
16353,932,905.41
16354,932,912.01
16355,932,907.14
16356,932,911.37
16357,932,911.75
16358,932,914.31
16359,932,912.83
16360,932,916.0
16361,932,920.07
16362,932,921.32
16363,932,916.7
16364,932,901.3
16365,932,910.94
16366,932,905.9
16367,932,913.68
16368,932,896.56
16369,932,903.49
16370,932,911.83
16371,932,921.74
16372,932,918.41
16373,932,913.11
16374,932,917.13
16375,932,897.05
16376,932,918.97
16377,932,896.5
16378,932,920.17
16379,932,915.44
16380,932,910.82
16381,932,883.12
16382,932,910.87
16383,932,920.93
16384,932,901.32
16385,932,920.23
16386,932,904.92
16387,932,926.93
16388,932,901.72
16389,932,913.61
16390,932,910.32
16391,932,913.21
16392,932,912.13
16393,932,904.16
16394,932,909.65
16395,932,901.64
16396,932,906.82
16397,932,920.36
16398,932,902.6
16399,932,915.04
16400,932,900.08
16401,932,915.98
16402,932,907.52
16403,932,893.37
16404,932,920.39
16405,932,902.49
16406,932,887.69
16407,932,910.77
16408,932,926.04
16409,932,903.54
16410,932,904.83
16411,932,907.88
16412,932,908.65
16413,932,911.69
16414,932,910.18
16415,932,911.88
16416,932,918.52
16417,932,924.04
16418,932,916.75
16419,932,912.0
16420,932,913.75
16421,932,918.51
16422,932,911.56
16423,932,905.72
16424,932,916.47
16425,932,908.93
16426,932,909.1
16427,932,919.31
16428,932,916.14
16429,932,916.11
16430,932,899.54
16431,932,914.77
16432,932,913.67
16433,932,920.99
16434,932,914.45
16435,932,913.67
16436,932,908.35
16437,932,912.49
16438,932,909.21
16439,932,912.11
16440,932,917.35
16441,932,898.5
16442,932,902.59
16443,932,908.19
16444,932,919.07
16445,932,914.15
16446,932,919.42
16447,932,914.38
16448,932,915.42
16449,932,910.06
16450,932,913.59
16451,932,897.97
16452,932,914.12
16453,932,909.35
16454,932,912.8
16455,932,911.54
16456,932,918.09
16457,932,914.27
16458,932,919.54
16459,932,919.62
16460,932,901.66
16461,932,924.04
16462,932,910.72
16463,932,910.77
16464,932,918.49
16465,932,907.12
16466,932,920.62
16467,932,913.41
16468,932,919.06
16469,932,917.12
16470,932,920.68
16471,932,907.22
16472,932,911.3
16473,932,914.62
16474,932,909.81
16475,932,910.99
16476,932,898.71
16477,932,898.32
16478,932,912.66
16479,932,920.99
16480,932,915.59
16481,932,902.94
16482,932,910.02
16483,932,912.6
16484,932,907.16
16485,932,915.55
16486,932,896.88
16487,932,909.14
16488,932,915.05
16489,932,912.96
16490,932,915.75
16491,932,922.17
16492,932,913.88
16493,932,911.92
16494,932,911.48
16495,932,912.84
16496,932,905.55
16497,932,909.4
16498,932,905.07
16499,932,917.3
16500,932,915.05
16501,932,925.79
16502,932,911.88
16503,932,912.75
16504,932,925.84
16505,932,905.61
16506,932,917.87
16507,932,920.64
16508,932,906.71
16509,932,913.21
16510,932,916.53
16511,932,917.8
16512,932,912.46
16513,932,918.42
16514,932,911.74
16515,932,910.77
16516,932,908.34
16517,932,911.4
16518,932,917.56
16519,932,898.49
16520,932,907.75
16521,932,912.82
16522,932,887.74
16523,932,923.16
16524,932,917.49
16525,932,905.48
16526,932,903.05
16527,932,921.17
16528,932,907.93
16529,932,911.66
16530,932,910.26
16531,932,901.37
16532,932,917.55
16533,932,923.64
16534,932,911.71
16535,932,916.79
16536,932,909.85
16537,932,887.36
16538,932,917.37
16539,932,919.67
16540,932,924.14
16541,932,915.17
16542,932,899.32
16543,932,905.67
16544,932,917.68
16545,932,911.7
16546,932,908.88
16547,932,916.54
16548,932,905.94
16549,932,913.48
16550,932,916.47
16551,932,905.85
16552,932,922.02
16553,932,904.96
16554,932,921.69
16555,932,903.43
16556,932,924.34
16557,932,923.24
16558,932,916.37
16559,932,922.65
16560,932,898.73
16561,932,904.35
16562,932,919.86
16563,932,914.65
16564,932,911.84
16565,932,911.72
16566,932,915.77
16567,932,919.84
16568,932,911.74
16569,932,915.53
16570,932,918.26
16571,932,928.16
16572,932,921.46
16573,932,906.23
16574,932,910.06
16575,932,908.05
16576,932,922.05
16577,932,903.08
16578,932,902.2
16579,932,912.21
16580,932,912.47
16581,932,912.68
16582,932,919.04
16583,932,922.81
16584,932,909.58
16585,932,916.93
16586,932,922.17
16587,932,900.29
16588,932,907.48
16589,932,918.07
16590,932,910.05
16591,932,922.24
16592,932,899.99
16593,932,921.96
16594,932,914.89
16595,932,916.22
16596,932,916.57
16597,932,919.85
16598,932,912.42
16599,932,914.98
16600,932,912.5
16601,932,908.87
16602,932,918.4
16603,932,922.46
16604,932,904.02
16605,932,924.49
16606,932,913.26
16607,932,918.95
16608,932,904.73
16609,932,905.62
16610,932,900.44
16611,932,918.6
16612,932,912.93
16613,932,905.31
16614,932,896.85
16615,932,923.93
16616,932,911.06
16617,932,920.29
16618,932,909.36
16619,932,921.54
16620,932,915.72
16621,932,923.18
16622,932,911.05
16623,932,916.29
16624,932,904.53
16625,932,906.34
16626,932,912.23
16627,932,919.91
16628,932,914.7
16629,932,910.58
16630,932,902.11
16631,932,919.3
16632,932,900.47
16633,932,899.21
16634,932,909.94
16635,932,912.63
16636,932,908.19
16637,932,918.06
16638,932,923.01
16639,932,902.22
16640,932,920.96
16641,932,916.05
16642,932,928.0
16643,932,922.77
16644,932,913.88
16645,932,910.88
16646,932,892.52
16647,932,907.96
16648,932,919.79
16649,932,903.36
16650,932,899.9
16651,932,902.88
16652,932,900.72
16653,932,909.64
16654,932,915.03
16655,932,908.63
16656,932,900.56
16657,932,906.05
16658,932,912.3
16659,932,912.64
16660,932,917.5
16661,932,917.19
16662,932,925.19
16663,932,917.89
16664,932,923.46
16665,932,918.56
16666,932,915.97
16667,932,911.85
16668,932,911.1
16669,932,917.83
16670,932,916.32
16671,932,916.51
16672,932,906.24
16673,932,916.22
16674,932,905.57
16675,932,912.47
16676,932,906.09
16677,932,914.07
16678,932,918.97
16679,932,916.75
16680,932,922.64
16681,932,918.84
16682,932,898.74
16683,932,908.37
16684,932,909.49
16685,932,918.77
16686,932,918.95
16687,932,911.35
16688,932,918.47
16689,932,912.25
16690,932,917.73
16691,932,908.09
16692,932,908.19
16693,932,924.63
16694,932,905.94
16695,932,910.95
16696,932,917.97
16697,932,900.91
16698,932,919.64
16699,932,910.18
16700,932,913.57
16701,932,911.06
16702,932,913.82
16703,932,911.42
16704,932,918.61
16705,932,910.98
16706,932,908.48
16707,932,905.71
16708,932,909.36
16709,932,913.98
16710,932,915.81
16711,932,909.92
16712,932,923.52
16713,932,918.04
16714,932,910.03
16715,932,914.05
16716,932,916.75
16717,932,919.29
16718,932,918.1
16719,932,909.63
16720,932,922.7
16721,932,906.58
16722,932,924.61
16723,932,921.16
16724,932,914.18
16725,932,918.26
16726,932,920.59
16727,932,910.56
16728,932,919.28
16729,932,906.42
16730,932,916.25
16731,932,910.78
16732,932,915.38
16733,932,905.38
16734,932,915.05
16735,932,924.39
16736,932,922.79
16737,932,913.56
16738,932,908.61
16739,932,924.73
16740,932,912.41
16741,932,911.38
16742,932,916.95
16743,932,913.93
16744,932,922.11
16745,932,910.7
16746,932,907.37
16747,932,911.9
16748,932,909.29
16749,932,905.77
16750,932,917.93
16751,932,918.16
16752,932,904.16
16753,932,913.16
16754,932,914.15
16755,932,912.73
16756,932,913.67
16757,932,914.76
16758,932,920.94
16759,932,910.58
16760,932,916.19
16761,932,907.99
16762,932,913.0
16763,932,916.03
16764,932,911.1
16765,932,899.65
16766,932,914.09
16767,932,915.72
16768,932,912.58
16769,932,914.2
16770,932,921.83
16771,932,914.89
16772,932,922.51
16773,932,908.49
16774,932,915.37
16775,932,906.84
16776,932,922.79
16777,932,915.8
16778,932,908.52
16779,932,899.51
16780,932,906.82
16781,932,909.04
16782,932,903.56
16783,932,894.95
16784,932,920.96
16785,932,905.22
16786,932,912.03
16787,932,922.54
16788,932,915.55
16789,932,915.07
16790,932,919.07
16791,932,914.62
16792,932,903.84
16793,932,903.38
16794,932,903.55
16795,932,919.49
16796,932,914.16
16797,932,908.95
16798,932,908.15
16799,932,916.48
16800,932,901.01
16801,932,908.51
16802,932,923.69
16803,932,900.13
16804,932,914.86
16805,932,917.08
16806,932,904.2
16807,932,917.46
16808,932,914.01
16809,932,902.66
16810,932,918.74
16811,932,902.72
16812,932,905.6
16813,932,908.67
16814,932,904.84
16815,932,907.38
16816,932,902.7
16817,932,901.35
16818,932,907.9
16819,932,910.39
16820,932,916.4
16821,932,912.55
16822,932,922.19
16823,932,912.71
16824,932,921.26
16825,932,914.66
16826,932,911.88
16827,932,907.75
16828,932,916.16
16829,932,901.64
16830,932,908.54
16831,932,920.88
16832,932,916.11
16833,932,908.93
16834,932,914.34
16835,932,909.61
16836,932,918.06
16837,932,915.95
16838,932,917.19
16839,932,907.96
16840,932,910.53
16841,932,916.09
16842,932,919.28
16843,932,921.44
16844,932,905.62
16845,932,911.46
16846,932,910.07
16847,932,912.17
16848,932,914.88
16849,932,904.99
16850,932,912.03
16851,932,902.46
16852,932,909.63
16853,932,920.4
16854,932,916.81
16855,932,910.8
16856,932,916.09
16857,932,908.69
16858,932,923.86
16859,932,917.38
16860,932,919.16
16861,932,917.03
16862,932,924.43
16863,932,913.69
16864,932,914.09
16865,932,907.51
16866,932,916.47
16867,932,902.29
16868,932,925.33
16869,932,908.84
16870,932,911.37
16871,932,911.29
16872,932,914.35
16873,932,912.13
16874,932,901.48
16875,932,917.63
16876,932,914.5
16877,932,919.48
16878,932,915.72
16879,932,910.25
16880,932,922.41
16881,932,909.3
16882,932,898.02
16883,932,906.23
16884,932,926.58
16885,932,923.65
16886,932,918.3
16887,932,920.72
16888,932,923.02
16889,932,900.25
16890,932,911.85
16891,932,911.37
16892,932,921.87
16893,932,914.56
16894,932,914.16
16895,932,919.48
16896,932,913.13
16897,932,916.05
16898,932,916.98
16899,932,913.69
16900,932,904.18
16901,932,911.04
16902,932,911.46
16903,932,920.33
16904,932,915.05
16905,932,914.57
16906,932,918.32
16907,932,919.53
16908,932,904.62
16909,932,907.65
16910,932,925.81
16911,932,909.61
16912,932,914.6
16913,932,908.63
16914,932,904.48
16915,932,906.09
16916,932,908.82
16917,932,909.63
16918,932,913.77
16919,932,922.69
16920,932,904.27
16921,932,903.37
16922,932,898.0
16923,932,918.89
16924,932,918.97
16925,932,923.61
16926,932,915.05
16927,932,918.43
16928,932,913.18
16929,932,913.77
16930,932,917.01
16931,932,913.17
16932,932,908.27
16933,932,908.1
16934,932,915.77
16935,932,911.53
16936,932,915.14
16937,932,904.81
16938,932,920.47
16939,932,910.82
16940,932,905.9
16941,932,919.05
16942,932,913.68
16943,932,913.8
16944,932,907.61
16945,932,912.25
16946,932,915.05
16947,932,912.79
16948,932,914.01
16949,932,899.5
16950,932,895.03
16951,932,913.6
16952,932,911.69
16953,932,916.9
16954,932,908.71
16955,932,908.19
16956,932,913.6
16957,932,908.69
16958,932,902.93
16959,932,912.81
16960,932,910.13
16961,932,894.4
16962,932,909.17
16963,932,918.48
16964,932,927.13
16965,932,917.35
16966,932,911.82
16967,932,922.68
16968,932,917.55
16969,932,916.47
16970,932,905.55
16971,932,921.64
16972,932,914.15
16973,932,895.56
16974,932,910.85
16975,932,923.93
16976,932,919.14
16977,932,902.72
16978,932,903.47
16979,932,896.94
16980,932,907.83
16981,932,916.5
16982,932,907.06
16983,932,918.57
16984,932,911.6
16985,932,920.59
16986,932,914.81
16987,932,906.43
16988,932,918.54
16989,932,902.41
16990,932,904.47
16991,932,911.71
16992,932,918.87
16993,932,916.41
16994,932,925.63
16995,932,918.97
16996,932,927.16
16997,932,918.48
16998,932,907.73
16999,932,923.03
17000,932,917.5
17001,932,914.83
17002,932,919.7
17003,932,915.97
17004,932,920.53
17005,932,919.18
17006,932,911.41
17007,932,898.62
17008,932,919.8
17009,932,916.34
17010,932,912.86
17011,932,910.12
17012,932,909.25
17013,932,918.71
17014,932,916.12
17015,932,907.98
17016,932,914.14
17017,932,905.7
17018,932,909.38
17019,932,906.96
17020,932,919.28
17021,932,924.43
17022,932,918.27
17023,932,906.93
17024,932,912.42
17025,932,911.42
17026,932,911.36
17027,932,911.66
17028,932,909.88
17029,932,915.81
17030,932,914.48
17031,932,904.87
17032,932,910.6
17033,932,915.22
17034,932,901.95
17035,932,911.4
17036,932,899.45
17037,932,920.99
17038,932,916.77
17039,932,908.11
17040,932,909.79
17041,932,903.09
17042,932,919.0
17043,932,915.35
17044,932,919.49
17045,932,921.77
17046,932,905.19
17047,932,908.86
17048,932,913.56
17049,932,906.6
17050,932,918.03
17051,932,913.21
17052,932,906.01
17053,932,908.37
17054,932,917.02
17055,932,918.52
17056,932,922.76
17057,932,912.24
17058,932,914.13
17059,932,892.44
17060,932,901.41
17061,932,911.15
17062,932,910.35
17063,932,913.3
17064,932,926.45
17065,932,923.14
17066,932,915.66
17067,932,923.36
17068,932,925.13
17069,932,908.08
17070,932,913.18
17071,932,922.26
17072,932,914.25
17073,932,918.82
17074,932,900.01
17075,932,909.83
17076,932,915.8
17077,932,924.14
17078,932,916.7
17079,932,922.19
17080,932,918.34
17081,932,915.03
17082,932,918.17
17083,932,896.01
17084,932,915.07
17085,932,919.12
17086,932,914.72
17087,932,918.22
17088,932,904.65
17089,932,910.25
17090,932,901.86
17091,932,915.28
17092,932,908.26
17093,932,905.63
17094,932,896.68
17095,932,911.53
17096,932,914.47
17097,932,915.92
17098,932,902.47
17099,932,910.24
17100,932,919.74
17101,932,922.26
17102,932,916.78
17103,932,909.65
17104,932,923.64
17105,932,914.3
17106,932,903.43
17107,932,907.16
17108,932,906.77
17109,932,912.65
17110,932,920.62
17111,932,905.25
17112,932,913.28
17113,932,915.86
17114,932,895.99
17115,932,902.34
17116,932,912.37
17117,932,904.72
17118,932,917.16
17119,932,914.35
17120,932,915.76
17121,932,901.91
17122,932,918.37
17123,932,905.73
17124,932,902.94
17125,932,910.27
17126,932,899.45
17127,932,902.54
17128,932,918.93
17129,932,909.84
17130,932,909.94
17131,932,911.06
17132,932,913.88
17133,932,911.23
17134,932,916.24
17135,932,911.57
17136,932,901.72
17137,932,919.15
17138,932,914.65
17139,932,917.67
17140,932,912.0
17141,932,908.6
17142,932,910.99
17143,932,914.18
17144,932,906.21
17145,932,912.06
17146,932,918.56
17147,932,917.66
17148,932,921.81
17149,932,915.44
17150,932,917.17
17151,932,911.7
17152,932,916.05
17153,932,907.19
17154,932,922.99
17155,932,904.6
17156,932,921.14
17157,932,910.24
17158,932,918.65
17159,932,912.43
17160,932,920.59
17161,932,912.79
17162,932,924.89
17163,932,921.03
17164,932,906.6
17165,932,919.8
17166,932,907.84
17167,932,915.99
17168,932,910.33
17169,932,910.52
17170,932,917.43
17171,932,914.08
17172,932,914.3
17173,932,913.27
17174,932,907.03
17175,932,905.16
17176,932,928.03
17177,932,920.83
17178,932,916.74
17179,932,915.7
17180,932,915.08
17181,932,914.08
17182,932,905.65
17183,932,908.84
17184,932,916.48
17185,932,902.38
17186,932,912.17
17187,932,912.73
17188,932,904.05
17189,932,915.99
17190,932,914.23
17191,932,908.4
17192,932,906.86
17193,932,912.84
17194,932,916.65
17195,932,913.6
17196,932,914.55
17197,932,915.26
17198,932,920.42
17199,932,913.16
17200,932,913.9
17201,932,916.49
17202,932,911.83
17203,932,907.2
17204,932,921.94
17205,932,916.1
17206,932,914.66
17207,932,911.72
17208,932,916.76
17209,932,910.86
17210,932,915.12
17211,932,924.62
17212,932,919.14
17213,932,912.0
17214,932,920.52
17215,932,895.46
17216,932,902.47
17217,932,913.61
17218,932,904.17
17219,932,896.21
17220,932,912.23
17221,932,918.4
17222,932,917.89
17223,932,908.97
17224,932,923.02
17225,932,906.59
17226,932,914.4
17227,932,903.91
17228,932,909.41
17229,932,908.54
17230,932,920.66
17231,932,917.29
17232,932,914.52
17233,932,913.01
17234,932,903.61
17235,932,904.64
17236,932,905.59
17237,932,913.6
17238,932,913.45
17239,932,917.67
17240,932,906.16
17241,932,916.51
17242,932,915.94
17243,932,907.3
17244,932,911.4
17245,932,916.32
17246,932,911.48
17247,932,916.16
17248,932,903.32
17249,932,910.77
17250,932,929.83
17251,932,910.02
17252,932,921.72
17253,932,923.01
17254,932,919.49
17255,932,921.22
17256,932,919.64
17257,932,916.85
17258,932,923.36
17259,932,908.21
17260,932,924.81
17261,932,908.83
17262,932,917.35
17263,932,913.48
17264,932,910.18
17265,932,912.45
17266,932,922.09
17267,932,906.12
17268,932,919.79
17269,932,923.02
17270,932,912.13
17271,932,924.61
17272,932,912.66
17273,932,920.49
17274,932,919.72
17275,932,914.08
17276,932,904.91
17277,932,910.21
17278,932,915.7
17279,932,903.34
17280,932,906.91
17281,932,917.0
17282,932,915.05
17283,932,911.57
17284,932,915.15
17285,932,907.13
17286,932,922.77
17287,932,905.98
17288,932,917.62
17289,932,909.48
17290,932,903.42
17291,932,912.66
17292,932,918.37
17293,932,924.66
17294,932,909.94
17295,932,919.15
17296,932,921.69
17297,932,900.37
17298,932,922.22
17299,932,906.59
17300,932,915.42
17301,932,919.56
17302,932,924.38
17303,932,919.26
17304,932,909.96
17305,932,916.49
17306,932,916.55
17307,932,914.72
17308,932,917.12
17309,932,914.48
17310,932,919.55
17311,932,902.31
17312,932,914.1
17313,932,914.92
17314,932,916.27
17315,932,927.15
17316,932,919.82
17317,932,914.75
17318,932,910.8
17319,932,906.8
17320,932,920.61
17321,932,908.59
17322,932,907.47
17323,932,924.48
17324,932,915.6
17325,932,901.88
17326,932,913.33
17327,932,914.47
17328,932,928.98
17329,932,911.8
17330,932,920.32
17331,932,899.87
17332,932,901.3
17333,932,905.34
17334,932,909.1
17335,932,918.6
17336,932,910.97
17337,932,915.44
17338,932,902.73
17339,932,914.54
17340,932,915.63
17341,932,913.1
17342,932,915.05
17343,932,913.94
17344,932,904.96
17345,932,917.15
17346,932,923.32
17347,932,919.02
17348,932,909.44
17349,932,924.21
17350,932,913.32
17351,932,904.11
17352,932,908.18
17353,932,906.45
17354,932,902.96
17355,932,904.53
17356,932,926.43
17357,932,913.25
17358,932,910.04
17359,932,915.05
17360,932,915.53
17361,932,925.36
17362,932,906.4
17363,932,913.79
17364,932,909.99
17365,932,901.56
17366,932,918.19
17367,932,920.51
17368,932,920.87
17369,932,903.0
17370,932,912.75
17371,932,921.53
17372,932,915.95
17373,932,921.79
17374,932,917.02
17375,932,924.21
17376,932,918.97
17377,932,910.79
17378,932,913.17
17379,932,913.59
17380,932,916.63
17381,932,915.6
17382,932,910.93
17383,932,922.39
17384,932,913.48
17385,932,913.46
17386,932,900.66
17387,932,916.33
17388,932,906.45
17389,932,908.06
17390,932,915.12
17391,932,899.32
17392,932,911.44
17393,932,908.97
17394,932,919.23
17395,932,913.63
17396,932,909.97
17397,932,905.16
17398,932,912.03
17399,932,913.5
17400,932,917.02
17401,932,904.72
17402,932,901.54
17403,932,915.67
17404,932,904.15
17405,932,918.94
17406,932,906.46
17407,932,908.47
17408,932,918.27
17409,932,895.27
17410,932,912.68
17411,932,917.75
17412,932,909.63
17413,932,911.97
17414,932,909.86
17415,932,908.5
17416,932,916.18
17417,932,912.35
17418,932,913.76
17419,932,901.97
17420,932,919.93
17421,932,914.48
17422,932,904.91
17423,932,906.51
17424,932,906.37
17425,932,916.7
17426,932,908.94
17427,932,921.76
17428,932,908.37
17429,932,921.23
17430,932,902.12
17431,932,903.99
17432,932,919.96
17433,932,912.11
17434,932,918.0
17435,932,903.26
17436,932,905.69
17437,932,915.85
17438,932,912.0
17439,932,909.95
17440,932,919.91
17441,932,912.74
17442,932,929.88
17443,932,905.03
17444,932,916.8
17445,932,909.27
17446,932,912.89
17447,932,922.08
17448,932,918.29
17449,932,908.88
17450,932,908.09
17451,932,921.42
17452,932,917.4
17453,932,916.85
17454,932,911.3
17455,932,913.8
17456,932,914.07
17457,932,910.04
17458,932,920.63
17459,932,918.5
17460,932,909.5
17461,932,914.74
17462,932,923.89
17463,932,913.95
17464,932,921.74
17465,932,910.35
17466,932,917.15
17467,932,918.37
17468,932,910.6
17469,932,921.89
17470,932,916.44
17471,932,916.83
17472,932,913.44
17473,932,912.7
17474,932,912.2
17475,932,913.16
17476,932,909.39
17477,932,917.0
17478,932,911.16
17479,932,906.59
17480,932,909.78
17481,932,915.76
17482,932,911.23
17483,932,921.15
17484,932,920.75
17485,932,918.32
17486,932,914.35
17487,932,915.45
17488,932,916.47
17489,932,910.99
17490,932,917.28
17491,932,917.25
17492,932,919.37
17493,932,913.08
17494,932,919.89
17495,932,901.05
17496,932,907.96
17497,932,902.05
17498,932,923.83
17499,932,909.53
17500,932,910.31
17501,932,908.38
17502,932,902.37
17503,932,897.14
17504,932,902.67
17505,932,908.06
17506,932,909.36
17507,932,917.97
17508,932,904.61
17509,932,919.1
17510,932,916.23
17511,932,911.7
17512,932,902.86
17513,932,921.2
17514,932,912.7
17515,932,907.26
17516,932,899.97
17517,932,914.56
17518,932,916.97
17519,932,924.07
17520,932,919.57
17521,932,904.49
17522,932,908.74
17523,932,907.84
17524,932,915.4
17525,932,914.88
17526,932,917.53
17527,932,914.48
17528,932,898.21
17529,932,908.46
17530,932,904.02
17531,932,920.84
17532,932,909.04
17533,932,915.42
17534,932,912.0
17535,932,915.15
17536,932,918.74
17537,932,905.61
17538,932,916.92
17539,932,926.5
17540,932,923.08
17541,932,905.87
17542,932,920.79
17543,932,914.44
17544,932,919.33
17545,932,904.76
17546,932,916.19
17547,932,903.43
17548,932,924.11
17549,932,915.84
17550,932,917.43
17551,932,915.48
17552,932,908.18
17553,932,908.77
17554,932,920.5
17555,932,913.3
17556,932,922.15
17557,932,909.75
17558,932,910.77
17559,932,914.27
17560,932,923.72
17561,932,917.47
17562,932,902.69
17563,932,901.05
17564,932,912.41
17565,932,919.27
17566,932,907.03
17567,932,904.16
17568,932,911.12
17569,932,919.35
17570,932,908.69
17571,932,904.96
17572,932,905.86
17573,932,913.2
17574,932,919.02
17575,932,906.92
17576,932,908.46
17577,932,910.87
17578,932,905.94
17579,932,906.44
17580,932,913.05
17581,932,912.74
17582,932,909.62
17583,932,921.11
17584,932,912.52
17585,932,906.46
17586,932,919.75
17587,932,908.89
17588,932,912.66
17589,932,909.61
17590,932,912.06
17591,932,903.64
17592,932,915.85
17593,932,900.26
17594,932,914.01
17595,932,922.35
17596,932,914.73
17597,932,904.09
17598,932,903.61
17599,932,909.88
17600,932,919.23
17601,932,906.68
17602,932,918.57
17603,932,914.24
17604,932,905.04
17605,932,920.84
17606,932,909.41
17607,932,923.36
17608,932,902.45
17609,932,908.52
17610,932,916.84
17611,932,922.86
17612,932,907.92
17613,932,901.96
17614,932,916.13
17615,932,920.18
17616,932,907.43
17617,932,907.4
17618,932,914.16
17619,932,909.11
17620,932,900.06
17621,932,907.14
17622,932,909.35
17623,932,900.82
17624,932,909.03
17625,932,903.93
17626,932,908.04
17627,932,920.33
17628,932,918.28
17629,932,921.49
17630,932,903.82
17631,932,912.25
17632,932,900.14
17633,932,915.15
17634,932,902.48
17635,932,904.17
17636,932,912.46
17637,932,919.97
17638,932,922.71
17639,932,907.07
17640,932,917.39
17641,932,913.29
17642,932,917.63
17643,932,917.3
17644,932,907.49
17645,932,922.03
17646,932,912.45
17647,932,901.9
17648,932,904.7
17649,932,908.56
17650,932,919.04
17651,932,915.8
17652,932,917.8
17653,932,903.68
17654,932,912.59
17655,932,914.97
17656,932,918.51
17657,932,920.53
17658,932,905.24
17659,932,913.86
17660,932,908.21
17661,932,901.17
17662,932,919.04
17663,932,911.24
17664,932,920.12
17665,932,915.16
17666,932,916.83
17667,932,910.98
17668,932,915.45
17669,932,915.92
17670,932,907.31
17671,932,911.98
17672,932,913.67
17673,932,894.07
17674,932,906.84
17675,932,911.15
17676,932,916.11
17677,932,911.78
17678,932,919.44
17679,932,903.4
17680,932,916.81
17681,932,917.78
17682,932,923.05
17683,932,907.67
17684,932,920.99
17685,932,912.15
17686,932,911.42
17687,932,915.61
17688,932,923.6
17689,932,913.42
17690,932,895.04
17691,932,913.73
17692,932,916.93
17693,932,901.35
17694,932,910.43
17695,932,892.27
17696,932,903.68
17697,932,910.45
17698,932,913.86
17699,932,902.12
17700,932,910.06
17701,932,909.85
17702,932,921.83
17703,932,906.58
17704,932,903.67
17705,932,898.39
17706,932,909.65
17707,932,913.0
17708,932,923.27
17709,932,905.5
17710,932,911.55
17711,932,914.66
17712,932,898.58
17713,932,913.22
17714,932,917.91
17715,932,925.19
17716,932,906.5
17717,932,921.76
17718,932,921.62
17719,932,911.36
17720,932,912.91
17721,932,902.37
17722,932,925.23
17723,932,911.08
17724,932,894.47
17725,932,899.58
17726,932,896.49
17727,932,912.27
17728,932,917.12
17729,932,908.72
17730,932,906.99
17731,932,910.37
17732,932,909.78
17733,932,915.03
17734,932,916.91
17735,932,888.67
17736,932,911.41
17737,932,918.98
17738,932,909.51
17739,932,912.9
17740,932,917.73
17741,932,916.01
17742,932,912.48
17743,932,908.16
17744,932,913.43
17745,932,909.52
17746,932,909.33
17747,932,912.44
17748,932,916.13
17749,932,902.56
17750,932,908.14
17751,932,921.97
17752,932,913.83
17753,932,893.87
17754,932,906.55
17755,932,904.07
17756,932,906.95
17757,932,917.73
17758,932,924.08
17759,932,919.99
17760,932,918.44
17761,932,900.58
17762,932,905.33
17763,932,902.61
17764,932,902.0
17765,932,912.22
17766,932,907.07
17767,932,916.69
17768,932,917.19
17769,932,910.6
17770,932,907.95
17771,932,910.38
17772,932,902.82
17773,932,903.5
17774,932,906.27
17775,932,905.63
17776,932,915.38
17777,932,911.9
17778,932,909.43
17779,932,907.27
17780,932,914.32
17781,932,917.08
17782,932,905.96
17783,932,906.19
17784,932,903.86
17785,932,915.8
17786,932,913.19
17787,932,917.41
17788,932,907.12
17789,932,906.44
17790,932,913.56
17791,932,902.37
17792,932,895.37
17793,932,907.51
17794,932,905.19
17795,932,917.05
17796,932,906.18
17797,932,903.76
17798,932,917.29
17799,932,908.26
17800,932,906.25
17801,932,906.33
17802,932,918.17
17803,932,912.98
17804,932,908.72
17805,932,911.29
17806,932,912.33
17807,932,914.0
17808,932,920.02
17809,932,916.19
17810,932,916.52
17811,932,907.77
17812,932,917.56
17813,932,894.28
17814,932,911.9
17815,932,912.69
17816,932,906.89
17817,932,907.75
17818,932,914.86
17819,932,917.4
17820,932,906.95
17821,932,915.53
17822,932,897.39
17823,932,908.28
17824,932,919.65
17825,932,917.37
17826,932,919.48
17827,932,907.19
17828,932,911.16
17829,932,916.48
17830,932,911.65
17831,932,904.33
17832,932,909.99
17833,932,909.83
17834,932,912.95
17835,932,922.96
17836,932,922.82
17837,932,897.31
17838,932,912.58
17839,932,920.37
17840,932,921.0
17841,932,909.34
17842,932,902.6
17843,932,916.16
17844,932,924.43
17845,932,913.66
17846,932,919.29
17847,932,917.79
17848,932,913.92
17849,932,919.42
17850,932,892.28
17851,932,892.96
17852,932,907.67
17853,932,920.9
17854,932,899.65
17855,932,922.22
17856,932,908.94
17857,932,916.05
17858,932,918.04
17859,932,912.5
17860,932,907.64
17861,932,914.25
17862,932,907.31
17863,932,913.41
17864,932,911.71
17865,932,909.83
17866,932,907.39
17867,932,914.07
17868,932,898.27
17869,932,907.95
17870,932,903.66
17871,932,912.97
17872,932,907.83
17873,932,908.32
17874,932,902.44
17875,932,913.78
17876,932,899.47
17877,932,919.14
17878,932,902.16
17879,932,912.64
17880,932,916.88
17881,932,908.37
17882,932,909.3
17883,932,907.46
17884,932,906.16
17885,932,923.29
17886,932,902.78
17887,932,899.07
17888,932,908.06
17889,932,904.37
17890,932,904.11
17891,932,910.41
17892,932,914.53
17893,932,923.02
17894,932,900.63
17895,932,907.37
17896,932,914.62
17897,932,901.48
17898,932,914.59
17899,932,905.24
17900,932,907.39
17901,932,916.28
17902,932,913.22
17903,932,911.27
17904,932,906.22
17905,932,902.23
17906,932,916.14
17907,932,922.49
17908,932,912.21
17909,932,912.91
17910,932,911.87
17911,932,914.86
17912,932,910.17
17913,932,924.49
17914,932,910.47
17915,932,916.13
17916,932,908.56
17917,932,913.32
17918,932,914.39
17919,932,899.12
17920,932,915.01
17921,932,891.85
17922,932,916.63
17923,932,916.56
17924,932,904.3
17925,932,910.79
17926,932,917.28
17927,932,899.99
17928,932,915.29
17929,932,911.57
17930,932,903.51
17931,932,904.44
17932,932,913.7
17933,932,910.31
17934,932,918.74
17935,932,918.63
17936,932,919.27
17937,932,914.14
17938,932,911.56
17939,932,914.37
17940,932,921.63
17941,932,924.14
17942,932,917.12
17943,932,914.68
17944,932,922.87
17945,932,905.66
17946,932,922.93
17947,932,911.62
17948,932,923.17
17949,932,912.16
17950,932,912.48
17951,932,919.82
17952,932,914.11
17953,932,913.46
17954,932,887.82
17955,932,923.24
17956,932,902.08
17957,932,895.46
17958,932,910.17
17959,932,905.37
17960,932,915.88
17961,932,924.49
17962,932,902.07
17963,932,917.86
17964,932,913.23
17965,932,914.68
17966,932,912.95
17967,932,904.73
17968,932,918.73
17969,932,922.06
17970,932,906.82
17971,932,892.82
17972,932,917.68
17973,932,917.19
17974,932,906.05
17975,932,909.68
17976,932,910.43
17977,932,912.86
17978,932,904.14
17979,932,915.0
17980,932,914.46
17981,932,908.09
17982,932,919.02
17983,932,908.78
17984,932,914.83
17985,932,910.35
17986,932,913.83
17987,932,916.13
17988,932,899.89
17989,932,918.67
17990,932,912.38
17991,932,915.78
17992,932,912.68
17993,932,913.17
17994,932,921.66
17995,932,908.83
17996,932,889.67
17997,932,912.49
17998,932,913.75
17999,932,922.32
18000,932,910.76
18001,932,911.68
18002,932,924.38
18003,932,912.04
18004,932,920.96
18005,932,908.99
18006,932,919.67
18007,932,908.59
18008,932,912.67
18009,932,916.73
18010,932,892.16
18011,932,916.53
18012,932,904.57
18013,932,908.74
18014,932,910.8
18015,932,913.94
18016,932,898.78
18017,932,909.89
18018,932,913.56
18019,932,926.1
18020,932,918.5
18021,932,911.05
18022,932,911.01
18023,932,912.88
18024,932,921.2
18025,932,920.32
18026,932,918.37
18027,932,919.27
18028,932,915.23
18029,932,902.35
18030,932,906.46
18031,932,895.2
18032,932,915.21
18033,932,919.63
18034,932,915.11
18035,932,921.01
18036,932,921.86
18037,932,902.12
18038,932,909.98
18039,932,921.67
18040,932,925.06
18041,932,922.78
18042,932,911.98
18043,932,921.07
18044,932,913.76
18045,932,915.6
18046,932,914.21
18047,932,906.21
18048,932,918.91
18049,932,924.06
18050,932,909.97
18051,932,912.24
18052,932,910.41
18053,932,923.82
18054,932,912.12
18055,932,909.56
18056,932,913.13
18057,932,910.08
18058,932,917.82
18059,932,892.8
18060,932,897.35
18061,932,914.6
18062,932,903.21
18063,932,911.4
18064,932,906.96
18065,932,924.73
18066,932,894.5
18067,932,927.76
18068,932,920.47
18069,932,911.81
18070,932,906.53
18071,932,916.05
18072,932,914.64
18073,932,895.1
18074,932,914.54
18075,932,912.03
18076,932,924.74
18077,932,907.86
18078,932,912.11
18079,932,910.78
18080,932,901.23
18081,932,908.87
18082,932,923.51
18083,932,916.24
18084,932,905.09
18085,932,913.19
18086,932,905.91
18087,932,912.9
18088,932,903.76
18089,932,918.72
18090,932,905.56
18091,932,912.1
18092,932,920.03
18093,932,910.2
18094,932,918.46
18095,932,924.99
18096,932,911.31
18097,932,908.99
18098,932,909.57
18099,932,910.22
18100,932,909.97
18101,932,913.93
18102,932,914.6
18103,932,905.95
18104,932,921.56
18105,932,892.45
18106,932,904.36
18107,932,887.05
18108,932,922.46
18109,932,919.79
18110,932,904.58
18111,932,921.01
18112,932,911.74
18113,932,894.32
18114,932,902.05
18115,932,917.35
18116,932,901.9
18117,932,907.32
18118,932,911.43
18119,932,917.67
18120,932,909.34
18121,932,921.41
18122,932,918.62
18123,932,907.75
18124,932,915.56
18125,932,909.61
18126,932,911.71
18127,932,919.45
18128,932,916.94
18129,932,912.51
18130,932,918.65
18131,932,904.36
18132,932,913.48
18133,932,911.47
18134,932,908.58
18135,932,906.97
18136,932,925.91
18137,932,906.68
18138,932,893.18
18139,932,907.51
18140,932,919.66
18141,932,907.1
18142,932,909.36
18143,932,908.2
18144,932,908.8
18145,932,907.22
18146,932,922.04
18147,932,898.78
18148,932,910.72
18149,932,911.91
18150,932,904.81
18151,932,911.22
18152,932,919.82
18153,932,908.03
18154,932,905.0
18155,932,910.81
18156,932,910.21
18157,932,915.16
18158,932,908.91
18159,932,920.85
18160,932,910.56
18161,932,905.78
18162,932,907.1
18163,932,919.27
18164,932,913.13
18165,932,887.19
18166,932,912.52
18167,932,919.09
18168,932,887.65
18169,932,894.53
18170,932,918.84
18171,932,912.99
18172,932,884.11
18173,932,906.64
18174,932,912.09
18175,932,909.2
18176,932,913.81
18177,932,914.72
18178,932,921.12
18179,932,906.91
18180,932,911.99
18181,932,905.55
18182,932,902.5
18183,932,907.34
18184,932,910.17
18185,932,914.76
18186,932,913.92
18187,932,916.08
18188,932,902.23
18189,932,910.88
18190,932,911.46
18191,932,912.85
18192,932,894.56
18193,932,915.48
18194,932,905.62
18195,932,916.66
18196,932,918.92
18197,932,915.14
18198,932,916.52
18199,932,894.38
18200,932,911.93
18201,932,911.2
18202,932,918.23
18203,932,919.5
18204,932,908.81
18205,932,919.24
18206,932,919.89
18207,932,902.37
18208,932,917.72
18209,932,906.83
18210,932,911.48
18211,932,915.58
18212,932,920.65
18213,932,892.17
18214,932,916.72
18215,932,903.94
18216,932,913.67
18217,932,912.99
18218,932,913.5
18219,932,911.18
18220,932,920.57
18221,932,911.91
18222,932,917.22
18223,932,913.74
18224,932,891.63
18225,932,909.88
18226,932,912.93
18227,932,908.86
18228,932,908.37
18229,932,906.89
18230,932,900.64
18231,932,897.27
18232,932,900.43
18233,932,903.64
18234,932,908.41
18235,932,923.91
18236,932,904.98
18237,932,913.89
18238,932,906.12
18239,932,898.85
18240,932,921.42
18241,932,905.11
18242,932,909.69
18243,932,912.22
18244,932,904.0
18245,932,903.95
18246,932,897.31
18247,932,905.7
18248,932,911.35
18249,932,909.95
18250,932,915.01
18251,932,906.64
18252,932,909.44
18253,932,905.15
18254,932,911.29
18255,932,917.22
18256,932,899.55
18257,932,898.76
18258,932,913.46
18259,932,914.39
18260,932,914.33
18261,932,911.19
18262,932,915.88
18263,932,913.3
18264,932,924.18
18265,932,906.33
18266,932,922.84
18267,932,917.87
18268,932,919.77
18269,932,915.55
18270,932,899.37
18271,932,899.62
18272,932,912.13
18273,932,911.95
18274,932,920.3
18275,932,910.44
18276,932,912.26
18277,932,921.61
18278,932,902.38
18279,932,911.36
18280,932,907.66
18281,932,912.31
18282,932,916.17
18283,932,922.26
18284,932,916.68
18285,932,899.73
18286,932,913.55
18287,932,922.41
18288,932,906.31
18289,932,903.11
18290,932,911.69
18291,932,910.37
18292,932,903.96
18293,932,908.09
18294,932,917.21
18295,932,916.63
18296,932,916.46
18297,932,915.69
18298,932,913.91
18299,932,904.0
18300,932,917.48
18301,932,907.79
18302,932,909.76
18303,932,903.82
18304,932,908.05
18305,932,907.24
18306,932,898.63
18307,932,895.23
18308,932,903.66
18309,932,914.8
18310,932,915.54
18311,932,907.58
18312,932,903.41
18313,932,907.94
18314,932,905.22
18315,932,920.26
18316,932,916.64
18317,932,912.51
18318,932,912.51
18319,932,911.49
18320,932,913.66
18321,932,905.82
18322,932,911.62
18323,932,898.45
18324,932,901.38
18325,932,918.02
18326,932,915.7
18327,932,912.04
18328,932,920.56
18329,932,918.6
18330,932,911.26
18331,932,907.37
18332,932,908.04
18333,932,909.66
18334,932,912.46
18335,932,907.05
18336,932,910.4
18337,932,915.3
18338,932,914.64
18339,932,892.18
18340,932,895.52
18341,932,919.65
18342,932,914.11
18343,932,892.33
18344,932,918.14
18345,932,911.26
18346,932,909.61
18347,932,917.4
18348,932,909.15
18349,932,905.24
18350,932,919.44
18351,932,899.16
18352,932,910.13
18353,932,908.11
18354,932,900.71
18355,932,915.38
18356,932,917.79
18357,932,903.73
18358,932,907.1
18359,932,914.28
18360,932,894.03
18361,932,915.22
18362,932,916.48
18363,932,919.44
18364,932,910.08
18365,932,906.43
18366,932,903.44
18367,932,915.02
18368,932,912.44
18369,932,911.31
18370,932,923.36
18371,932,921.59
18372,932,911.74
18373,932,905.0
18374,932,914.82
18375,932,906.44
18376,932,919.53
18377,932,904.02
18378,932,921.37
18379,932,905.39
18380,932,911.18
18381,932,914.68
18382,932,928.23
18383,932,917.48
18384,932,911.76
18385,932,920.27
18386,932,911.93
18387,932,921.28
18388,932,902.66
18389,932,917.44
18390,932,912.9
18391,932,911.16
18392,932,908.02
18393,932,915.76
18394,932,917.74
18395,932,907.59
18396,932,908.07
18397,932,901.53
18398,932,908.44
18399,932,902.05
18400,932,914.57
18401,932,913.13
18402,932,912.04
18403,932,908.95
18404,932,913.3
18405,932,911.42
18406,932,917.88
18407,932,909.62
18408,932,920.67
18409,932,922.62
18410,932,916.77
18411,932,910.04
18412,932,907.88
18413,932,914.81
18414,932,908.64
18415,932,913.03
18416,932,913.1
18417,932,904.53
18418,932,911.51
18419,932,912.42
18420,932,913.61
18421,932,890.63
18422,932,903.1
18423,932,918.46
18424,932,910.99
18425,932,920.62
18426,932,922.09
18427,932,902.43
18428,932,912.6
18429,932,923.96
18430,932,911.83
18431,932,920.7
18432,932,917.05
18433,932,918.52
18434,932,912.78
18435,932,920.99
18436,932,919.0
18437,932,914.45
18438,932,920.25
18439,932,909.2
18440,932,906.43
18441,932,913.23
18442,932,914.75
18443,932,912.04
18444,932,914.36
18445,932,918.5
18446,932,921.52
18447,932,917.95
18448,932,924.04
18449,932,903.49
18450,932,908.34
18451,932,909.04
18452,932,913.36
18453,932,915.16
18454,932,908.86
18455,932,912.6
18456,932,921.49
18457,932,914.31
18458,932,909.69
18459,932,909.54
18460,932,905.54
18461,932,917.09
18462,932,923.07
18463,932,916.37
18464,932,904.61
18465,932,914.6
18466,932,916.9
18467,932,921.21
18468,932,896.35
18469,932,914.75
18470,932,912.84
18471,932,910.23
18472,932,913.9
18473,932,921.7
18474,932,919.42
18475,932,913.41
18476,932,904.81
18477,932,907.88
18478,932,916.68
18479,932,906.21
18480,932,909.21
18481,932,910.37
18482,932,904.33
18483,932,917.3
18484,932,913.72
18485,932,913.72
18486,932,902.84
18487,932,915.83
18488,932,894.61
18489,932,918.73
18490,932,910.81
18491,932,909.92
18492,932,904.8
18493,932,918.16
18494,932,911.07
18495,932,913.7
18496,932,913.84
18497,932,914.94
18498,932,892.21
18499,932,903.22
18500,932,915.12
18501,932,909.77
18502,932,906.56
18503,932,920.92
18504,932,906.81
18505,932,912.09
18506,932,920.5
18507,932,913.78
18508,932,890.27
18509,932,906.8
18510,932,910.06
18511,932,912.05
18512,932,909.09
18513,932,923.69
18514,932,914.47
18515,932,905.66
18516,932,917.94
18517,932,918.68
18518,932,909.52
18519,932,918.24
18520,932,911.24
18521,932,903.82
18522,932,908.28
18523,932,907.42
18524,932,915.76
18525,932,913.01
18526,932,916.03
18527,932,910.46
18528,932,909.4
18529,932,904.93
18530,932,921.96
18531,932,908.78
18532,932,915.88
18533,932,910.04
18534,932,915.35
18535,932,911.72
18536,932,916.53
18537,932,909.36
18538,932,911.48
18539,932,917.5
18540,932,909.32
18541,932,908.84
18542,932,923.86
18543,932,899.29
18544,932,908.07
18545,932,913.28
18546,932,923.72
18547,932,915.17
18548,932,912.33
18549,932,917.79
18550,932,899.3
18551,932,911.03
18552,932,915.66
18553,932,916.14
18554,932,905.19
18555,932,916.6
18556,932,918.34
18557,932,902.07
18558,932,911.78
18559,932,911.35
18560,932,914.93
18561,932,922.42
18562,932,911.03
18563,932,919.47
18564,932,908.86
18565,932,904.21
18566,932,910.53
18567,932,916.04
18568,932,914.76
18569,932,916.79
18570,932,903.5
18571,932,912.28
18572,932,907.57
18573,932,919.86
18574,932,909.45
18575,932,920.05
18576,932,909.46
18577,932,907.77
18578,932,910.11
18579,932,916.83
18580,932,914.16
18581,932,904.41
18582,932,922.91
18583,932,906.29
18584,932,904.35
18585,932,908.91
18586,932,903.07
18587,932,906.67
18588,932,923.52
18589,932,919.21
18590,932,910.74
18591,932,910.96
18592,932,917.04
18593,932,910.2
18594,932,898.5
18595,932,916.26
18596,932,891.81
18597,932,910.49
18598,932,921.59
18599,932,910.31
18600,932,913.98
18601,932,923.29
18602,932,919.69
18603,932,911.41
18604,932,916.24
18605,932,903.56
18606,932,903.87
18607,932,923.44
18608,932,900.38
18609,932,911.29
18610,932,915.84
18611,932,904.39
18612,932,919.55
18613,932,910.63
18614,932,918.42
18615,932,906.07
18616,932,920.64
18617,932,917.24
18618,932,921.16
18619,932,907.36
18620,932,910.23
18621,932,905.4
18622,932,910.06
18623,932,913.61
18624,932,905.94
18625,932,904.49
18626,932,914.6
18627,932,918.77
18628,932,910.04
18629,932,896.42
18630,932,913.49
18631,932,904.35
18632,932,913.72
18633,932,916.5
18634,932,915.92
18635,932,908.31
18636,932,913.72
18637,932,896.16
18638,932,916.21
18639,932,908.99
18640,932,912.08
18641,932,915.77
18642,932,911.48
18643,932,909.01
18644,932,916.87
18645,932,910.86
18646,932,920.74
18647,932,902.89
18648,932,909.71
18649,932,917.34
18650,932,916.06
18651,932,902.08
18652,932,923.96
18653,932,909.67
18654,932,899.98
18655,932,917.46
18656,932,903.45
18657,932,908.55
18658,932,898.4
18659,932,916.45
18660,932,915.78
18661,932,900.51
18662,932,918.3
18663,932,914.95
18664,932,903.39
18665,932,917.71
18666,932,918.73
18667,932,919.57
18668,932,916.07
18669,932,917.27
18670,932,915.73
18671,932,913.61
18672,932,907.66
18673,932,924.15
18674,932,917.63
18675,932,916.02
18676,932,919.3
18677,932,910.56
18678,932,925.28
18679,932,911.23
18680,932,918.54
18681,932,914.01
18682,932,908.42
18683,932,911.98
18684,932,912.53
18685,932,908.33
18686,932,901.42
18687,932,917.18
18688,932,909.76
18689,932,917.02
18690,932,918.25
18691,932,908.91
18692,932,903.77
18693,932,910.04
18694,932,910.81
18695,932,919.32
18696,932,918.26
18697,932,921.22
18698,932,922.96
18699,932,908.59
18700,932,914.98
18701,932,920.27
18702,932,921.8
18703,932,912.97
18704,932,916.58
18705,932,921.2
18706,932,910.99
18707,932,905.86
18708,932,896.54
18709,932,911.75
18710,932,911.87
18711,932,920.84
18712,932,909.53
18713,932,920.86
18714,932,920.48
18715,932,910.34
18716,932,915.84
18717,932,911.74
18718,932,919.89
18719,932,909.65
18720,932,923.67
18721,932,905.89
18722,932,922.93
18723,932,920.96
18724,932,912.86
18725,932,919.37
18726,932,918.79
18727,932,917.93
18728,932,926.26
18729,932,917.38
18730,932,912.91
18731,932,900.79
18732,932,919.62
18733,932,927.3
18734,932,915.49
18735,932,925.83
18736,932,913.45
18737,932,917.97
18738,932,915.43
18739,932,918.42
18740,932,914.73
18741,932,903.29
18742,932,918.02
18743,932,912.1
18744,932,919.73
18745,932,909.58
18746,932,918.96
18747,932,909.91
18748,932,903.66
18749,932,915.85
18750,932,917.7
18751,932,915.95
18752,932,917.09
18753,932,915.0
18754,932,905.69
18755,932,904.51
18756,932,910.49
18757,932,916.54
18758,932,919.2
18759,932,923.31
18760,932,907.14
18761,932,913.67
18762,932,893.08
18763,932,917.52
18764,932,911.97
18765,932,922.66
18766,932,921.53
18767,932,922.67
18768,932,911.58
18769,932,915.62
18770,932,908.18
18771,932,906.47
18772,932,915.11
18773,932,917.78
18774,932,912.78
18775,932,913.78
18776,932,919.96
18777,932,917.27
18778,932,913.26
18779,932,906.94
18780,932,912.44
18781,932,914.55
18782,932,914.12
18783,932,924.98
18784,932,902.5
18785,932,920.37
18786,932,918.08
18787,932,908.29
18788,932,895.47
18789,932,907.83
18790,932,922.39
18791,932,925.78
18792,932,897.24
18793,932,919.15
18794,932,918.77
18795,932,904.52
18796,932,907.13
18797,932,907.55
18798,932,925.79
18799,932,905.57
18800,932,918.04
18801,932,911.98
18802,932,912.73
18803,932,916.8
18804,932,923.14
18805,932,912.1
18806,932,910.64
18807,932,912.06
18808,932,906.53
18809,932,919.89
18810,932,917.63
18811,932,899.29
18812,932,913.75
18813,932,906.14
18814,932,904.76
18815,932,920.32
18816,932,924.44
18817,932,901.08
18818,932,922.59
18819,932,912.2
18820,932,915.98
18821,932,920.92
18822,932,905.55
18823,932,921.91
18824,932,907.11
18825,932,917.21
18826,932,895.29
18827,932,921.01
18828,932,893.83
18829,932,914.23
18830,932,919.97
18831,932,917.3
18832,932,910.44
18833,932,908.72
18834,932,918.33
18835,932,913.09
18836,932,892.11
18837,932,912.4
18838,932,919.12
18839,932,911.2
18840,932,904.3
18841,932,904.33
18842,932,920.3
18843,932,903.71
18844,932,925.68
18845,932,917.65
18846,932,911.04
18847,932,903.17
18848,932,914.66
18849,932,908.18
18850,932,910.17
18851,932,914.26
18852,932,916.1
18853,932,923.41
18854,932,919.74
18855,932,913.32
18856,932,908.08
18857,932,908.02
18858,932,920.47
18859,932,902.01
18860,932,919.01
18861,932,907.77
18862,932,917.39
18863,932,927.21
18864,932,923.33
18865,932,912.14
18866,932,900.62
18867,932,905.74
18868,932,913.8
18869,932,917.25
18870,932,888.69
18871,932,914.38
18872,932,926.99
18873,932,902.63
18874,932,919.14
18875,932,911.28
18876,932,916.9
18877,932,923.69
18878,932,915.41
18879,932,912.91
18880,932,909.97
18881,932,908.99
18882,932,926.34
18883,932,911.92
18884,932,904.38
18885,932,913.6
18886,932,916.11
18887,932,923.33
18888,932,891.33
18889,932,895.79
18890,932,923.18
18891,932,912.56
18892,932,901.46
18893,932,910.06
18894,932,924.28
18895,932,913.08
18896,932,908.85
18897,932,911.94
18898,932,920.2
18899,932,909.89
18900,932,921.94
18901,932,902.08
18902,932,910.17
18903,932,905.16
18904,932,905.99
18905,932,911.11
18906,932,920.32
18907,932,919.87
18908,932,899.58
18909,932,908.37
18910,932,907.06
18911,932,922.07
18912,932,907.37
18913,932,909.02
18914,932,915.82
18915,932,915.61
18916,932,918.87
18917,932,913.28
18918,932,908.0
18919,932,918.46
18920,932,915.44
18921,932,910.56
18922,932,902.14
18923,932,916.15
18924,932,903.75
18925,932,919.13
18926,932,909.41
18927,932,908.04
18928,932,898.18
18929,932,902.59
18930,932,918.04
18931,932,914.46
18932,932,918.82
18933,932,909.68
18934,932,904.53
18935,932,916.74
18936,932,911.2
18937,932,912.56
18938,932,905.62
18939,932,901.67
18940,932,919.42
18941,932,917.44
18942,932,914.72
18943,932,917.26
18944,932,919.37
18945,932,908.44
18946,932,900.02
18947,932,915.99
18948,932,903.08
18949,932,905.96
18950,932,905.94
18951,932,909.51
18952,932,919.26
18953,932,899.02
18954,932,907.15
18955,932,909.26
18956,932,917.32
18957,932,919.54
18958,932,914.98
18959,932,911.53
18960,932,897.01
18961,932,910.29
18962,932,914.44
18963,932,911.43
18964,932,917.37
18965,932,902.89
18966,932,912.93
18967,932,900.68
18968,932,920.75
18969,932,906.71
18970,932,909.57
18971,932,911.07
18972,932,923.22
18973,932,919.79
18974,932,905.18
18975,932,909.14
18976,932,914.49
18977,932,913.68
18978,932,900.3
18979,932,902.08
18980,932,921.31
18981,932,908.21
18982,932,916.66
18983,932,918.17
18984,932,920.44
18985,932,900.52
18986,932,913.68
18987,932,919.19
18988,932,921.77
18989,932,910.71
18990,932,921.82
18991,932,915.67
18992,932,909.78
18993,932,904.9
18994,932,909.38
18995,932,912.73
18996,932,920.44
18997,932,922.13
18998,932,912.62
18999,932,920.49
19000,932,902.69
19001,932,910.67
19002,932,909.22
19003,932,927.28
19004,932,901.47
19005,932,909.73
19006,932,911.73
19007,932,905.56
19008,932,895.44
19009,932,913.85
19010,932,903.85
19011,932,909.29
19012,932,900.39
19013,932,919.23
19014,932,909.27
19015,932,911.8
19016,932,913.0
19017,932,903.71
19018,932,919.82
19019,932,913.67
19020,932,908.83
19021,932,909.71
19022,932,917.28
19023,932,909.79
19024,932,908.98
19025,932,918.25
19026,932,912.13
19027,932,903.19
19028,932,906.28
19029,932,922.62
19030,932,923.65
19031,932,918.92
19032,932,900.66
19033,932,922.51
19034,932,913.13
19035,932,906.72
19036,932,909.28
19037,932,906.42
19038,932,908.41
19039,932,906.1
19040,932,911.51
19041,932,915.38
19042,932,913.69
19043,932,916.15
19044,932,903.66
19045,932,917.15
19046,932,915.71
19047,932,915.37
19048,932,917.2
19049,932,926.73
19050,932,916.73
19051,932,911.88
19052,932,923.09
19053,932,910.03
19054,932,900.23
19055,932,905.06
19056,932,912.53
19057,932,913.7
19058,932,921.16
19059,932,917.28
19060,932,903.64
19061,932,900.42
19062,932,906.1
19063,932,911.94
19064,932,923.84
19065,932,905.08
19066,932,914.21
19067,932,911.57
19068,932,909.43
19069,932,920.58
19070,932,911.18
19071,932,913.16
19072,932,908.52
19073,932,912.4
19074,932,905.13
19075,932,915.77
19076,932,924.46
19077,932,914.7
19078,932,915.6
19079,932,913.93
19080,932,908.95
19081,932,909.73
19082,932,912.8
19083,932,921.64
19084,932,919.07
19085,932,921.43
19086,932,911.4
19087,932,904.89
19088,932,889.47
19089,932,923.66
19090,932,913.46
19091,932,899.93
19092,932,904.82
19093,932,918.4
19094,932,898.61
19095,932,920.76
19096,932,899.62
19097,932,899.99
19098,932,910.13
19099,932,912.24
19100,932,908.85
19101,932,918.84
19102,932,926.44
19103,932,907.04
19104,932,925.83
19105,932,913.9
19106,932,915.75
19107,932,904.31
19108,932,916.15
19109,932,909.43
19110,932,918.67
19111,932,904.57
19112,932,914.4
19113,932,915.52
19114,932,920.12
19115,932,914.63
19116,932,911.76
19117,932,907.01
19118,932,916.1
19119,932,908.98
19120,932,905.53
19121,932,920.44
19122,932,914.63
19123,932,906.66
19124,932,918.12
19125,932,920.69
19126,932,910.42
19127,932,916.27
19128,932,911.28
19129,932,911.61
19130,932,909.62
19131,932,920.45
19132,932,914.22
19133,932,910.14
19134,932,913.24
19135,932,915.7
19136,932,909.71
19137,932,907.72
19138,932,907.82
19139,932,920.15
19140,932,898.89
19141,932,912.15
19142,932,916.72
19143,932,920.35
19144,932,910.48
19145,932,913.51
19146,932,910.64
19147,932,909.44
19148,932,916.69
19149,932,913.69
19150,932,912.75
19151,932,908.41
19152,932,914.3
19153,932,915.91
19154,932,912.89
19155,932,904.29
19156,932,924.31
19157,932,912.4
19158,932,916.44
19159,932,911.1
19160,932,913.17
19161,932,906.79
19162,932,912.46
19163,932,917.82
19164,932,919.08
19165,932,911.35
19166,932,918.52
19167,932,922.5
19168,932,909.68
19169,932,906.81
19170,932,917.2
19171,932,912.64
19172,932,905.57
19173,932,908.99
19174,932,911.11
19175,932,914.42
19176,932,925.88
19177,932,911.37
19178,932,915.1
19179,932,914.98
19180,932,906.22
19181,932,916.35
19182,932,914.27
19183,932,918.54
19184,932,919.06
19185,932,910.39
19186,932,913.9
19187,932,904.55
19188,932,909.4
19189,932,907.26
19190,932,912.94
19191,932,905.75
19192,932,904.05
19193,932,905.4
19194,932,921.11
19195,932,920.4
19196,932,911.06
19197,932,919.8
19198,932,920.39
19199,932,913.0
19200,932,916.12
19201,932,918.15
19202,932,905.03
19203,932,912.35
19204,932,917.98
19205,932,912.35
19206,932,911.66
19207,932,917.77
19208,932,899.43
19209,932,912.15
19210,932,907.48
19211,932,906.05
19212,932,913.38
19213,932,908.01
19214,932,911.08
19215,932,904.48
19216,932,911.38
19217,932,920.17
19218,932,908.68
19219,932,921.99
19220,932,914.08
19221,932,910.49
19222,932,906.24
19223,932,910.65
19224,932,914.57
19225,932,924.68
19226,932,914.73
19227,932,905.78
19228,932,920.07
19229,932,920.0
19230,932,920.79
19231,932,920.14
19232,932,917.82
19233,932,910.2
19234,932,919.92
19235,932,919.28
19236,932,917.07
19237,932,916.04
19238,932,919.13
19239,932,903.54
19240,932,911.49
19241,932,904.82
19242,932,922.47
19243,932,914.53
19244,932,922.22
19245,932,916.52
19246,932,913.24
19247,932,912.49
19248,932,916.7
19249,932,920.37
19250,932,904.74
19251,932,906.33
19252,932,921.5
19253,932,916.31
19254,932,921.91
19255,932,907.56
19256,932,913.87
19257,932,907.06
19258,932,917.09
19259,932,908.09
19260,932,899.01
19261,932,907.84
19262,932,899.85
19263,932,910.21
19264,932,909.19
19265,932,910.91
19266,932,906.93
19267,932,915.02
19268,932,907.55
19269,932,918.78
19270,932,912.13
19271,932,906.99
19272,932,902.91
19273,932,919.47
19274,932,920.61
19275,932,898.65
19276,932,913.61
19277,932,915.8
19278,932,923.7
19279,932,918.08
19280,932,910.23
19281,932,922.4
19282,932,908.22
19283,932,910.34
19284,932,917.34
19285,932,904.29
19286,932,912.1
19287,932,913.53
19288,932,921.46
19289,932,915.15
19290,932,919.98
19291,932,904.94
19292,932,905.16
19293,932,903.82
19294,932,904.12
19295,932,919.19
19296,932,904.05
19297,932,916.95
19298,932,916.8
19299,932,926.93
19300,932,918.56
19301,932,924.77
19302,932,917.17
19303,932,916.58
19304,932,914.92
19305,932,907.46
19306,932,916.76
19307,932,909.5
19308,932,913.97
19309,932,892.08
19310,932,916.33
19311,932,905.11
19312,932,912.7
19313,932,909.27
19314,932,911.59
19315,932,920.24
19316,932,893.47
19317,932,897.99
19318,932,911.42
19319,932,916.63
19320,932,900.27
19321,932,914.86
19322,932,900.67
19323,932,905.1
19324,932,902.52
19325,932,917.51
19326,932,918.8
19327,932,920.94
19328,932,915.75
19329,932,906.58
19330,932,910.95
19331,932,908.37
19332,932,897.26
19333,932,915.83
19334,932,920.29
19335,932,904.97
19336,932,918.69
19337,932,915.81
19338,932,916.67
19339,932,917.24
19340,932,909.01
19341,932,918.59
19342,932,917.82
19343,932,906.16
19344,932,914.88
19345,932,923.21
19346,932,917.52
19347,932,906.39
19348,932,918.82
19349,932,905.61
19350,932,919.68
19351,932,903.18
19352,932,912.16
19353,932,908.26
19354,932,922.02
19355,932,915.29
19356,932,909.9
19357,932,911.22
19358,932,909.27
19359,932,899.07
19360,932,924.96
19361,932,892.51
19362,932,914.53
19363,932,908.81
19364,932,912.95
19365,932,915.76
19366,932,904.78
19367,932,916.54
19368,932,912.58
19369,932,916.84
19370,932,904.24
19371,932,912.01
19372,932,911.04
19373,932,912.01
19374,932,911.12
19375,932,911.48
19376,932,912.07
19377,932,912.27
19378,932,911.84
19379,932,912.35
19380,932,913.9
19381,932,899.76
19382,932,919.17
19383,932,914.25
19384,932,911.43
19385,932,907.09
19386,932,917.95
19387,932,922.14
19388,932,910.18
19389,932,900.59
19390,932,908.07
19391,932,905.47
19392,932,919.52
19393,932,904.97
19394,932,916.88
19395,932,922.04
19396,932,909.32
19397,932,909.61
19398,932,916.81
19399,932,909.63
19400,932,910.44
19401,932,914.3
19402,932,921.93
19403,932,911.72
19404,932,906.54
19405,932,912.28
19406,932,921.22
19407,932,918.23
19408,932,912.69
19409,932,913.8
19410,932,911.24
19411,932,918.29
19412,932,909.68
19413,932,909.26
19414,932,916.99
19415,932,914.96
19416,932,912.65
19417,932,910.7
19418,932,911.1
19419,932,913.49
19420,932,910.44
19421,932,908.14
19422,932,917.85
19423,932,917.75
19424,932,907.05
19425,932,912.42
19426,932,920.56
19427,932,924.24
19428,932,919.96
19429,932,914.96
19430,932,912.48
19431,932,905.89
19432,932,909.01
19433,932,913.89
19434,932,917.57
19435,932,913.85
19436,932,922.22
19437,932,898.85
19438,932,923.08
19439,932,920.03
19440,932,921.11
19441,932,910.3
19442,932,904.75
19443,932,906.74
19444,932,898.86
19445,932,911.59
19446,932,913.88
19447,932,903.23
19448,932,915.18
19449,932,914.11
19450,932,920.09
19451,932,920.29
19452,932,909.13
19453,932,914.43
19454,932,907.62
19455,932,918.77
19456,932,902.38
19457,932,911.9
19458,932,914.62
19459,932,913.29
19460,932,914.29
19461,932,915.55
19462,932,913.15
19463,932,915.47
19464,932,909.53
19465,932,900.49
19466,932,906.46
19467,932,917.54
19468,932,910.98
19469,932,915.43
19470,932,907.36
19471,932,910.78
19472,932,893.44
19473,932,912.73
19474,932,912.06
19475,932,918.39
19476,932,921.03
19477,932,909.31
19478,932,915.4
19479,932,919.57
19480,932,910.62
19481,932,914.45
19482,932,915.67
19483,932,911.6
19484,932,917.34
19485,932,911.44
19486,932,915.62
19487,932,912.32
19488,932,909.42
19489,932,926.71
19490,932,912.95
19491,932,904.01
19492,932,908.86
19493,932,915.6
19494,932,914.67
19495,932,904.63
19496,932,916.76
19497,932,914.81
19498,932,918.34
19499,932,918.6
19500,932,913.13
19501,932,920.04
19502,932,916.01
19503,932,921.41
19504,932,910.39
19505,932,918.67
19506,932,918.09
19507,932,906.44
19508,932,911.76
19509,932,915.84
19510,932,916.8
19511,932,914.79
19512,932,916.96
19513,932,912.37
19514,932,919.7
19515,932,914.37
19516,932,921.26
19517,932,909.65
19518,932,905.96
19519,932,925.05
19520,932,912.26
19521,932,921.56
19522,932,906.01
19523,932,913.23
19524,932,926.53
19525,932,913.99
19526,932,915.75
19527,932,919.81
19528,932,917.09
19529,932,919.32
19530,932,919.71
19531,932,900.05
19532,932,919.71
19533,932,914.59
19534,932,897.64
19535,932,911.65
19536,932,908.29
19537,932,916.98
19538,932,895.35
19539,932,917.84
19540,932,920.0
19541,932,909.9
19542,932,921.84
19543,932,908.71
19544,932,913.14
19545,932,912.25
19546,932,923.22
19547,932,916.63
19548,932,918.52
19549,932,918.38
19550,932,911.58
19551,932,911.29
19552,932,914.19
19553,932,909.9
19554,932,903.48
19555,932,902.57
19556,932,911.76
19557,932,914.24
19558,932,919.7
19559,932,911.51
19560,932,904.15
19561,932,923.14
19562,932,905.85
19563,932,903.69
19564,932,912.86
19565,932,915.6
19566,932,910.55
19567,932,912.73
19568,932,901.2
19569,932,902.63
19570,932,909.28
19571,932,906.51
19572,932,911.74
19573,932,922.08
19574,932,916.41
19575,932,923.53
19576,932,913.15
19577,932,911.73
19578,932,915.33
19579,932,910.81
19580,932,914.81
19581,932,910.8
19582,932,918.57
19583,932,913.97
19584,932,913.47
19585,932,910.48
19586,932,915.22
19587,932,904.48
19588,932,916.59
19589,932,912.02
19590,932,909.84
19591,932,891.25
19592,932,912.84
19593,932,903.41
19594,932,915.77
19595,932,917.7
19596,932,914.93
19597,932,914.73
19598,932,900.54
19599,932,898.77
19600,932,920.91
19601,932,916.76
19602,932,918.48
19603,932,904.57
19604,932,913.35
19605,932,914.72
19606,932,913.73
19607,932,911.61
19608,932,908.89
19609,932,916.79
19610,932,906.96
19611,932,916.6
19612,932,909.29
19613,932,888.91
19614,932,902.51
19615,932,920.96
19616,932,906.82
19617,932,906.62
19618,932,901.8
19619,932,901.34
19620,932,904.92
19621,932,910.54
19622,932,906.04
19623,932,916.36
19624,932,910.86
19625,932,914.48
19626,932,903.75
19627,932,920.77
19628,932,918.07
19629,932,907.48
19630,932,892.69
19631,932,915.65
19632,932,913.58
19633,932,904.22
19634,932,908.52
19635,932,904.94
19636,932,915.57
19637,932,907.66
19638,932,911.58
19639,932,904.13
19640,932,906.21
19641,932,906.7
19642,932,897.6
19643,932,916.94
19644,932,916.15
19645,932,917.24
19646,932,914.83
19647,932,923.66
19648,932,906.11
19649,932,916.79
19650,932,914.32
19651,932,918.19
19652,932,922.82
19653,932,904.69
19654,932,922.39
19655,932,899.9
19656,932,910.32
19657,932,918.04
19658,932,917.57
19659,932,919.28
19660,932,914.13
19661,932,914.57
19662,932,911.54
19663,932,914.97
19664,932,899.53
19665,932,911.32
19666,932,914.25
19667,932,917.4
19668,932,920.49
19669,932,924.51
19670,932,911.68
19671,932,902.07
19672,932,902.88
19673,932,901.76
19674,932,906.78
19675,932,909.53
19676,932,908.18
19677,932,915.81
19678,932,908.31
19679,932,915.08
19680,932,917.35
19681,932,913.68
19682,932,918.87
19683,932,919.65
19684,932,917.11
19685,932,920.92
19686,932,894.5
19687,932,922.68
19688,932,907.4
19689,932,909.61
19690,932,915.5
19691,932,916.77
19692,932,905.74
19693,932,908.88
19694,932,915.11
19695,932,911.2
19696,932,900.96
19697,932,911.88
19698,932,916.37
19699,932,914.33
19700,932,897.48
19701,932,917.48
19702,932,910.81
19703,932,921.78
19704,932,893.49
19705,932,921.02
19706,932,922.1
19707,932,903.44
19708,932,911.34
19709,932,909.45
19710,932,916.45
19711,932,895.52
19712,932,905.77
19713,932,919.88
19714,932,914.21
19715,932,891.16
19716,932,905.87
19717,932,902.63
19718,932,913.45
19719,932,916.19
19720,932,921.06
19721,932,920.79
19722,932,908.87
19723,932,917.99
19724,932,900.01
19725,932,920.63
19726,932,902.41
19727,932,914.91
19728,932,908.36
19729,932,907.82
19730,932,912.82
19731,932,919.27
19732,932,908.63
19733,932,905.52
19734,932,917.86
19735,932,919.67
19736,932,917.5
19737,932,904.77
19738,932,907.24
19739,932,919.79
19740,932,913.95
19741,932,912.8
19742,932,902.94
19743,932,908.35
19744,932,914.5
19745,932,907.15
19746,932,905.32
19747,932,906.87
19748,932,908.35
19749,932,918.12
19750,932,902.24
19751,932,915.67
19752,932,921.76
19753,932,922.72
19754,932,899.86
19755,932,922.54
19756,932,905.73
19757,932,897.08
19758,932,915.13
19759,932,903.48
19760,932,907.54
19761,932,916.97
19762,932,909.71
19763,932,911.39
19764,932,920.74
19765,932,896.05
19766,932,914.72
19767,932,916.17
19768,932,915.56
19769,932,906.97
19770,932,913.25
19771,932,914.28
19772,932,902.42
19773,932,908.79
19774,932,911.57
19775,932,913.42
19776,932,910.32
19777,932,913.65
19778,932,908.09
19779,932,898.22
19780,932,906.23
19781,932,911.93
19782,932,900.35
19783,932,913.63
19784,932,907.31
19785,932,915.01
19786,932,917.78
19787,932,917.85
19788,932,903.33
19789,932,909.24
19790,932,916.28
19791,932,914.38
19792,932,914.03
19793,932,920.41
19794,932,916.42
19795,932,913.08
19796,932,924.82
19797,932,905.57
19798,932,913.57
19799,932,900.43
19800,932,928.88
19801,932,917.15
19802,932,913.27
19803,932,924.26
19804,932,913.32
19805,932,911.95
19806,932,916.0
19807,932,906.37
19808,932,913.57
19809,932,909.61
19810,932,911.59
19811,932,924.84
19812,932,912.48
19813,932,913.98
19814,932,907.52
19815,932,911.42
19816,932,906.31
19817,932,916.63
19818,932,909.73
19819,932,909.92
19820,932,918.11
19821,932,913.81
19822,932,915.74
19823,932,917.18
19824,932,917.29
19825,932,919.33
19826,932,921.06
19827,932,912.63
19828,932,900.84
19829,932,911.12
19830,932,915.64
19831,932,920.11
19832,932,913.63
19833,932,914.83
19834,932,902.48
19835,932,901.89
19836,932,901.19
19837,932,914.19
19838,932,909.37
19839,932,899.95
19840,932,913.56
19841,932,918.4
19842,932,901.28
19843,932,919.04
19844,932,915.38
19845,932,905.06
19846,932,911.94
19847,932,911.67
19848,932,913.68
19849,932,914.48
19850,932,913.84
19851,932,911.65
19852,932,921.22
19853,932,916.62
19854,932,926.56
19855,932,913.83
19856,932,910.32
19857,932,922.16
19858,932,915.84
19859,932,894.65
19860,932,914.49
19861,932,916.9
19862,932,920.11
19863,932,894.06
19864,932,919.31
19865,932,918.52
19866,932,911.04
19867,932,921.39
19868,932,900.13
19869,932,918.98
19870,932,909.77
19871,932,923.26
19872,932,915.93
19873,932,919.04
19874,932,899.13
19875,932,908.38
19876,932,914.17
19877,932,905.75
19878,932,902.58
19879,932,904.34
19880,932,915.71
19881,932,917.73
19882,932,900.2
19883,932,911.08
19884,932,907.78
19885,932,907.67
19886,932,918.03
19887,932,912.46
19888,932,916.2
19889,932,911.3
19890,932,916.97
19891,932,902.47
19892,932,916.09
19893,932,918.7
19894,932,911.09
19895,932,917.69
19896,932,917.77
19897,932,911.92
19898,932,917.07
19899,932,901.62
19900,932,914.67
19901,932,906.79
19902,932,912.67
19903,932,915.3
19904,932,911.82
19905,932,911.75
19906,932,919.15
19907,932,922.59
19908,932,920.85
19909,932,917.99
19910,932,910.56
19911,932,903.86
19912,932,890.56
19913,932,916.14
19914,932,915.88
19915,932,920.61
19916,932,905.53
19917,932,923.23
19918,932,917.14
19919,932,916.76
19920,932,908.43
19921,932,905.89
19922,932,913.06
19923,932,909.9
19924,932,918.42
19925,932,918.87
19926,932,911.88
19927,932,911.98
19928,932,903.11
19929,932,915.87
19930,932,896.33
19931,932,902.75
19932,932,913.28
19933,932,914.75
19934,932,911.94
19935,932,897.92
19936,932,908.34
19937,932,919.66
19938,932,916.44
19939,932,913.95
19940,932,918.46
19941,932,904.86
19942,932,914.38
19943,932,912.84
19944,932,925.38
19945,932,919.14
19946,932,909.41
19947,932,915.85
19948,932,915.88
19949,932,923.26
19950,932,903.79
19951,932,914.6
19952,932,906.55
19953,932,906.26
19954,932,914.19
19955,932,908.41
19956,932,911.78
19957,932,910.97
19958,932,906.72
19959,932,913.57
19960,932,900.28
19961,932,913.81
19962,932,906.82
19963,932,920.58
19964,932,911.4
19965,932,913.03
19966,932,902.22
19967,932,916.85
19968,932,908.29
19969,932,916.63
19970,932,920.41
19971,932,909.61
19972,932,916.85
19973,932,921.91
19974,932,899.62
19975,932,900.72
19976,932,917.82
19977,932,911.41
19978,932,920.2
19979,932,917.89
19980,932,913.25
19981,932,922.94
19982,932,917.47
19983,932,913.67
19984,932,915.69
19985,932,915.1
19986,932,920.48
19987,932,905.39
19988,932,907.57
19989,932,911.25
19990,932,910.4
19991,932,903.7
19992,932,916.82
19993,932,911.6
19994,932,915.55
19995,932,914.53
19996,932,923.03
19997,932,912.23
19998,932,914.16
19999,932,922.33
20000,932,908.21
20001,932,926.96
20002,932,909.23
20003,932,913.86
20004,932,922.72
20005,932,921.17
20006,932,921.96
20007,932,911.9
20008,932,916.32
20009,932,913.05
20010,932,885.9
20011,932,908.84
20012,932,908.94
20013,932,916.69
20014,932,917.43
20015,932,921.95
20016,932,910.13
20017,932,914.85
20018,932,895.62
20019,932,921.51
20020,932,909.08
20021,932,919.69
20022,932,914.66
20023,932,922.72
20024,932,922.46
20025,932,916.45
20026,932,909.77
20027,932,908.73
20028,932,913.75
20029,932,918.08
20030,932,894.57
20031,932,905.3
20032,932,924.31
20033,932,905.3
20034,932,913.14
20035,932,912.6
20036,932,906.3
20037,932,898.52
20038,932,909.04
20039,932,903.85
20040,932,922.57
20041,932,918.03
20042,932,899.9
20043,932,921.99
20044,932,899.59
20045,932,914.57
20046,932,902.26
20047,932,905.74
20048,932,903.01
20049,932,908.84
20050,932,907.3
20051,932,918.64
20052,932,912.56
20053,932,894.84
20054,932,917.04
20055,932,920.75
20056,932,901.25
20057,932,908.4
20058,932,914.52
20059,932,913.93
20060,932,906.27
20061,932,906.38
20062,932,915.87
20063,932,913.01
20064,932,912.54
20065,932,913.98
20066,932,913.63
20067,932,924.09
20068,932,913.33
20069,932,908.36
20070,932,905.79
20071,932,904.0
20072,932,914.52
20073,932,914.75
20074,932,904.93
20075,932,919.27
20076,932,910.52
20077,932,914.11
20078,932,904.45
20079,932,906.51
20080,932,914.36
20081,932,923.12
20082,932,915.02
20083,932,915.88
20084,932,909.12
20085,932,912.86
20086,932,917.88
20087,932,915.56
20088,932,917.23
20089,932,909.11
20090,932,903.25
20091,932,921.79
20092,932,921.54
20093,932,918.22
20094,932,912.38
20095,932,922.18
20096,932,908.75
20097,932,909.22
20098,932,910.08
20099,932,922.07
20100,932,922.87
20101,932,911.91
20102,932,921.68
20103,932,912.52
20104,932,918.48
20105,932,919.15
20106,932,909.71
20107,932,908.41
20108,932,915.75
20109,932,926.31
20110,932,911.2
20111,932,920.67
20112,932,907.9
20113,932,915.05
20114,932,915.05
20115,932,908.86
20116,932,905.28
20117,932,909.71
20118,932,889.45
20119,932,915.32
20120,932,904.48
20121,932,908.04
20122,932,920.86
20123,932,910.62
20124,932,914.68
20125,932,900.57
20126,932,921.02
20127,932,922.08
20128,932,917.77
20129,932,901.79
20130,932,895.9
20131,932,921.54
20132,932,902.83
20133,932,914.97
20134,932,907.76
20135,932,907.59
20136,932,912.44
20137,932,923.83
20138,932,912.69
20139,932,920.45
20140,932,915.89
20141,932,913.3
20142,932,915.46
20143,932,916.82
20144,932,906.27
20145,932,920.88
20146,932,922.43
20147,932,927.98
20148,932,920.46
20149,932,913.36
20150,932,919.17
20151,932,913.89
20152,932,901.29
20153,932,910.82
20154,932,908.1
20155,932,925.49
20156,932,911.13
20157,932,896.11
20158,932,910.49
20159,932,909.87
20160,932,912.49
20161,932,906.94
20162,932,898.85
20163,932,912.08
20164,932,916.33
20165,932,909.41
20166,932,911.35
20167,932,911.59
20168,932,921.37
20169,932,910.68
20170,932,919.21
20171,932,905.87
20172,932,904.56
20173,932,914.46
20174,932,908.21
20175,932,904.56
20176,932,914.58
20177,932,906.12
20178,932,913.51
20179,932,919.34
20180,932,912.56
20181,932,917.09
20182,932,914.18
20183,932,919.34
20184,932,915.96
20185,932,919.84
20186,932,912.24
20187,932,913.07
20188,932,917.86
20189,932,911.77
20190,932,908.33
20191,932,909.83
20192,932,913.38
20193,932,910.95
20194,932,918.84
20195,932,913.5
20196,932,907.44
20197,932,916.3
20198,932,921.89
20199,932,913.03
20200,932,909.45
20201,932,916.47
20202,932,912.66
20203,932,902.91
20204,932,911.5
20205,932,915.15
20206,932,919.35
20207,932,907.06
20208,932,917.78
20209,932,914.85
20210,932,909.35
20211,932,913.33
20212,932,901.83
20213,932,911.37
20214,932,900.73
20215,932,920.72
20216,932,920.29
20217,932,911.58
20218,932,918.15
20219,932,916.45
20220,932,907.21
20221,932,898.76
20222,932,908.73
20223,932,922.29
20224,932,919.4
20225,932,909.07
20226,932,915.65
20227,932,901.72
20228,932,908.34
20229,932,916.66
20230,932,899.58
20231,932,913.88
20232,932,919.05
20233,932,925.14
20234,932,910.03
20235,932,906.39
20236,932,911.93
20237,932,923.07
20238,932,919.17
20239,932,919.0
20240,932,915.21
20241,932,885.56
20242,932,919.0
20243,932,918.57
20244,932,916.55
20245,932,914.55
20246,932,914.1
20247,932,894.41
20248,932,912.16
20249,932,905.33
20250,932,919.31
20251,932,913.81
20252,932,912.47
20253,932,916.13
20254,932,912.83
20255,932,910.52
20256,932,904.53
20257,932,914.85
20258,932,919.24
20259,932,912.71
20260,932,912.35
20261,932,897.34
20262,932,913.35
20263,932,918.5
20264,932,911.58
20265,932,904.56
20266,932,917.94
20267,932,901.29
20268,932,911.82
20269,932,901.89
20270,932,897.35
20271,932,918.4
20272,932,915.88
20273,932,913.55
20274,932,901.51
20275,932,915.51
20276,932,907.44
20277,932,914.84
20278,932,917.5
20279,932,909.62
20280,932,914.0
20281,932,903.97
20282,932,921.09
20283,932,918.5
20284,932,907.96
20285,932,907.98
20286,932,906.2
20287,932,915.55
20288,932,912.75
20289,932,917.73
20290,932,926.79
20291,932,906.73
20292,932,919.33
20293,932,910.27
20294,932,915.36
20295,932,921.54
20296,932,899.64
20297,932,903.11
20298,932,907.76
20299,932,904.16
20300,932,918.87
20301,932,916.17
20302,932,920.73
20303,932,917.25
20304,932,915.27
20305,932,913.61
20306,932,916.47
20307,932,915.84
20308,932,908.61
20309,932,913.28
20310,932,908.99
20311,932,917.15
20312,932,902.47
20313,932,909.2
20314,932,921.14
20315,932,892.16
20316,932,910.57
20317,932,909.31
20318,932,903.3
20319,932,909.4
20320,932,909.93
20321,932,912.91
20322,932,915.0
20323,932,918.39
20324,932,908.16
20325,932,921.74
20326,932,912.53
20327,932,921.24
20328,932,917.02
20329,932,906.85
20330,932,915.99
20331,932,919.24
20332,932,919.71
20333,932,904.82
20334,932,911.3
20335,932,918.32
20336,932,915.79
20337,932,923.06
20338,932,909.7
20339,932,915.68
20340,932,920.04
20341,932,915.16
20342,932,919.32
20343,932,911.81
20344,932,926.16
20345,932,904.66
20346,932,903.54
20347,932,911.47
20348,932,908.8
20349,932,907.01
20350,932,909.96
20351,932,910.09
20352,932,921.13
20353,932,915.97
20354,932,916.34
20355,932,911.7
20356,932,906.15
20357,932,912.52
20358,932,923.21
20359,932,910.48
20360,932,913.25
20361,932,910.74
20362,932,914.52
20363,932,920.8
20364,932,909.35
20365,932,920.06
20366,932,915.2
20367,932,907.05
20368,932,908.44
20369,932,910.88
20370,932,899.59
20371,932,919.35
20372,932,912.35
20373,932,919.17
20374,932,917.52
20375,932,905.12
20376,932,909.4
20377,932,905.61
20378,932,914.04
20379,932,919.78
20380,932,927.1
20381,932,908.68
20382,932,909.9
20383,932,907.14
20384,932,910.24
20385,932,919.66
20386,932,904.85
20387,932,912.18
20388,932,919.46
20389,932,909.53
20390,932,911.94
20391,932,914.85
20392,932,906.59
20393,932,912.26
20394,932,916.96
20395,932,916.64
20396,932,911.13
20397,932,925.21
20398,932,910.27
20399,932,922.89
20400,932,906.08
20401,932,913.97
20402,932,912.56
20403,932,919.32
20404,932,917.83
20405,932,906.0
20406,932,921.57
20407,932,916.17
20408,932,907.25
20409,932,908.75
20410,932,915.07
20411,932,915.7
20412,932,922.41
20413,932,901.91
20414,932,908.78
20415,932,907.81
20416,932,921.44
20417,932,895.76
20418,932,897.17
20419,932,918.31
20420,932,926.28
20421,932,905.09
20422,932,918.51
20423,932,915.73
20424,932,911.41
20425,932,912.47
20426,932,913.25
20427,932,916.81
20428,932,920.72
20429,932,907.71
20430,932,912.28
20431,932,918.13
20432,932,904.63
20433,932,926.01
20434,932,923.85
20435,932,900.16
20436,932,912.99
20437,932,926.88
20438,932,911.7
20439,932,912.17
20440,932,911.19
20441,932,906.07
20442,932,915.84
20443,932,915.29
20444,932,914.05
20445,932,905.42
20446,932,917.02
20447,932,913.35
20448,932,916.54
20449,932,915.13
20450,932,916.6
20451,932,919.88
20452,932,913.38
20453,932,897.17
20454,932,911.43
20455,932,906.25
20456,932,909.9
20457,932,908.53
20458,932,909.09
20459,932,925.62
20460,932,910.05
20461,932,902.88
20462,932,925.71
20463,932,906.09
20464,932,920.42
20465,932,917.05
20466,932,909.98
20467,932,917.25
20468,932,911.0
20469,932,912.08
20470,932,914.1
20471,932,918.67
20472,932,911.05
20473,932,913.32
20474,932,913.98
20475,932,906.51
20476,932,920.74
20477,932,920.55
20478,932,918.67
20479,932,912.48
20480,932,910.37
20481,932,919.42
20482,932,907.02
20483,932,912.82
20484,932,911.26
20485,932,919.55
20486,932,917.73
20487,932,921.59
20488,932,915.12
20489,932,915.13
20490,932,907.59
20491,932,914.33
20492,932,909.62
20493,932,925.53
20494,932,909.99
20495,932,913.63
20496,932,902.82
20497,932,904.27
20498,932,917.33
20499,932,906.63
20500,932,920.82
20501,932,912.5
20502,932,911.89
20503,932,920.14
20504,932,897.04
20505,932,911.62
20506,932,906.37
20507,932,915.5
20508,932,915.71
20509,932,922.14
20510,932,912.21
20511,932,916.39
20512,932,911.77
20513,932,911.41
20514,932,909.96
20515,932,913.2
20516,932,899.25
20517,932,918.79
20518,932,918.09
20519,932,910.28
20520,932,903.24
20521,932,906.33
20522,932,908.97
20523,932,912.18
20524,932,919.74
20525,932,905.89
20526,932,920.67
20527,932,912.74
20528,932,915.65
20529,932,916.91
20530,932,927.4
20531,932,919.49
20532,932,908.8
20533,932,914.84
20534,932,914.97
20535,932,907.17
20536,932,908.07
20537,932,910.13
20538,932,908.46
20539,932,915.77
20540,932,907.61
20541,932,892.84
20542,932,908.61
20543,932,910.82
20544,932,918.7
20545,932,915.36
20546,932,911.46
20547,932,907.6
20548,932,909.6
20549,932,914.85
20550,932,902.76
20551,932,918.52
20552,932,914.13
20553,932,923.75
20554,932,917.14
20555,932,902.61
20556,932,910.6
20557,932,897.3
20558,932,913.3
20559,932,908.71
20560,932,909.04
20561,932,911.47
20562,932,904.02
20563,932,915.32
20564,932,913.95
20565,932,913.03
20566,932,905.86
20567,932,900.91
20568,932,913.51
20569,932,917.1
20570,932,917.38
20571,932,919.27
20572,932,913.96
20573,932,915.7
20574,932,923.06
20575,932,921.76
20576,932,916.68
20577,932,919.89
20578,932,913.12
20579,932,915.3
20580,932,910.19
20581,932,918.16
20582,932,917.69
20583,932,909.46
20584,932,918.49
20585,932,925.33
20586,932,902.72
20587,932,915.23
20588,932,925.33
20589,932,922.17
20590,932,915.99
20591,932,900.21
20592,932,919.35
20593,932,912.11
20594,932,904.11
20595,932,921.62
20596,932,911.66
20597,932,923.21
20598,932,911.78
20599,932,915.37
20600,932,923.34
20601,932,899.45
20602,932,918.87
20603,932,906.92
20604,932,910.21
20605,932,917.57
20606,932,910.81
20607,932,921.71
20608,932,907.94
20609,932,915.37
20610,932,915.61
20611,932,912.87
20612,932,904.2
20613,932,908.94
20614,932,910.57
20615,932,910.39
20616,932,907.16
20617,932,906.97
20618,932,904.78
20619,932,906.79
20620,932,914.9
20621,932,913.19
20622,932,914.09
20623,932,908.71
20624,932,908.76
20625,932,899.59
20626,932,916.02
20627,932,911.48
20628,932,911.56
20629,932,913.16
20630,932,909.39
20631,932,915.76
20632,932,910.01
20633,932,913.31
20634,932,927.36
20635,932,915.14
20636,932,914.79
20637,932,906.4
20638,932,897.89
20639,932,908.96
20640,932,909.39
20641,932,905.39
20642,932,912.98
20643,932,902.89
20644,932,919.71
20645,932,914.7
20646,932,912.05
20647,932,919.42
20648,932,917.49
20649,932,910.92
20650,932,910.58
20651,932,919.95
20652,932,910.9
20653,932,903.74
20654,932,901.19
20655,932,907.19
20656,932,921.84
20657,932,907.43
20658,932,905.19
20659,932,910.15
20660,932,916.18
20661,932,904.2
20662,932,910.0
20663,932,903.75
20664,932,915.55
20665,932,912.94
20666,932,923.33
20667,932,913.26
20668,932,905.87
20669,932,909.09
20670,932,913.97
20671,932,919.07
20672,932,920.16
20673,932,914.71
20674,932,908.61
20675,932,902.97
20676,932,915.79
20677,932,905.07
20678,932,917.64
20679,932,923.38
20680,932,906.98
20681,932,917.42
20682,932,906.29
20683,932,914.75
20684,932,916.7
20685,932,920.61
20686,932,910.55
20687,932,910.18
20688,932,909.3
20689,932,919.59
20690,932,916.28
20691,932,921.21
20692,932,920.22
20693,932,913.66
20694,932,914.72
20695,932,919.98
20696,932,901.0
20697,932,914.89
20698,932,916.51
20699,932,917.64
20700,932,912.18
20701,932,912.42
20702,932,910.48
20703,932,916.76
20704,932,921.02
20705,932,916.7
20706,932,906.86
20707,932,919.65
20708,932,910.76
20709,932,903.09
20710,932,904.38
20711,932,908.0
20712,932,912.83
20713,932,891.49
20714,932,903.09
20715,932,915.52
20716,932,903.69
20717,932,917.41
20718,932,914.78
20719,932,891.96
20720,932,921.14
20721,932,916.27
20722,932,914.7
20723,932,908.48
20724,932,912.82
20725,932,917.12
20726,932,901.53
20727,932,922.33
20728,932,906.67
20729,932,917.61
20730,932,904.64
20731,932,913.98
20732,932,907.77
20733,932,896.13
20734,932,900.49
20735,932,915.04
20736,932,912.98
20737,932,919.32
20738,932,908.2
20739,932,914.29
20740,932,918.72
20741,932,913.73
20742,932,914.66
20743,932,905.19
20744,932,914.11
20745,932,895.89
20746,932,899.82
20747,932,911.97
20748,932,915.02
20749,932,916.3
20750,932,914.85
20751,932,905.25
20752,932,912.9
20753,932,922.73
20754,932,918.69
20755,932,905.73
20756,932,919.04
20757,932,913.83
20758,932,915.73
20759,932,921.69
20760,932,902.19
20761,932,925.06
20762,932,919.4
20763,932,915.99
20764,932,909.36
20765,932,921.72
20766,932,913.13
20767,932,913.02
20768,932,917.48
20769,932,923.93
20770,932,917.32
20771,932,916.65
20772,932,906.48
20773,932,911.98
20774,932,911.63
20775,932,917.19
20776,932,920.34
20777,932,895.62
20778,932,905.89
20779,932,911.05
20780,932,908.54
20781,932,920.92
20782,932,917.47
20783,932,907.56
20784,932,911.98
20785,932,917.02
20786,932,905.5
20787,932,903.17
20788,932,919.57
20789,932,916.77
20790,932,909.58
20791,932,912.1
20792,932,915.46
20793,932,888.3
20794,932,904.91
20795,932,916.63
20796,932,903.61
20797,932,917.63
20798,932,921.91
20799,932,919.97
20800,932,903.38
20801,932,920.35
20802,932,911.11
20803,932,904.62
20804,932,912.14
20805,932,919.87
20806,932,916.31
20807,932,911.09
20808,932,925.98
20809,932,910.3
20810,932,910.76
20811,932,901.69
20812,932,899.53
20813,932,915.9
20814,932,902.93
20815,932,904.04
20816,932,918.35
20817,932,918.01
20818,932,910.46
20819,932,907.8
20820,932,917.7
20821,932,912.16
20822,932,918.17
20823,932,910.58
20824,932,918.51
20825,932,900.94
20826,932,917.38
20827,932,913.59
20828,932,903.54
20829,932,905.19
20830,932,906.11
20831,932,915.95
20832,932,910.61
20833,932,914.7
20834,932,918.4
20835,932,908.09
20836,932,913.64
20837,932,917.2
20838,932,919.67
20839,932,908.15
20840,932,925.73
20841,932,924.61
20842,932,919.47
20843,932,920.65
20844,932,915.91
20845,932,920.89
20846,932,912.05
20847,932,919.37
20848,932,912.23
20849,932,897.76
20850,932,916.76
20851,932,917.48
20852,932,925.01
20853,932,921.99
20854,932,917.09
20855,932,914.63
20856,932,906.53
20857,932,910.94
20858,932,918.82
20859,932,921.51
20860,932,914.5
20861,932,907.62
20862,932,912.14
20863,932,921.09
20864,932,915.05
20865,932,919.97
20866,932,915.69
20867,932,922.82
20868,932,914.83
20869,932,902.73
20870,932,904.62
20871,932,920.79
20872,932,915.63
20873,932,919.57
20874,932,908.56
20875,932,909.19
20876,932,918.61
20877,932,910.06
20878,932,918.47
20879,932,901.36
20880,932,915.28
20881,932,917.3
20882,932,917.38
20883,932,921.82
20884,932,907.94
20885,932,916.99
20886,932,911.56
20887,932,901.91
20888,932,894.52
20889,932,907.76
20890,932,900.61
20891,932,913.22
20892,932,906.03
20893,932,916.54
20894,932,916.81
20895,932,911.57
20896,932,908.21
20897,932,906.47
20898,932,913.32
20899,932,888.57
20900,932,914.39
20901,932,906.9
20902,932,919.89
20903,932,903.62
20904,932,915.43
20905,932,908.52
20906,932,912.5
20907,932,913.19
20908,932,906.9
20909,932,920.33
20910,932,900.65
20911,932,897.04
20912,932,905.17
20913,932,913.48
20914,932,921.65
20915,932,920.74
20916,932,913.45
20917,932,917.84
20918,932,910.73
20919,932,907.35
20920,932,908.66
20921,932,911.71
20922,932,920.7
20923,932,910.2
20924,932,911.98
20925,932,906.4
20926,932,908.92
20927,932,921.74
20928,932,913.61
20929,932,925.48
20930,932,924.14
20931,932,916.08
20932,932,922.01
20933,932,918.54
20934,932,922.27
20935,932,917.11
20936,932,914.37
20937,932,908.39
20938,932,909.99
20939,932,900.85
20940,932,887.72
20941,932,908.13
20942,932,907.9
20943,932,915.33
20944,932,906.33
20945,932,919.47
20946,932,913.98
20947,932,915.12
20948,932,913.13
20949,932,891.67
20950,932,909.66
20951,932,922.12
20952,932,919.09
20953,932,918.64
20954,932,913.64
20955,932,921.84
20956,932,907.84
20957,932,909.54
20958,932,910.99
20959,932,911.39
20960,932,908.99
20961,932,907.18
20962,932,914.61
20963,932,918.49
20964,932,912.66
20965,932,910.81
20966,932,915.13
20967,932,909.12
20968,932,921.28
20969,932,903.6
20970,932,919.75
20971,932,915.08
20972,932,912.79
20973,932,912.7
20974,932,913.48
20975,932,916.27
20976,932,911.41
20977,932,903.95
20978,932,913.3
20979,932,911.38
20980,932,908.85
20981,932,918.06
20982,932,905.09
20983,932,910.81
20984,932,917.64
20985,932,900.97
20986,932,917.93
20987,932,919.81
20988,932,911.81
20989,932,915.04
20990,932,920.96
20991,932,917.16
20992,932,917.77
20993,932,906.66
20994,932,923.66
20995,932,907.44
20996,932,919.24
20997,932,913.35
20998,932,912.35
20999,932,911.69
21000,932,907.9
21001,932,916.82
21002,932,911.88
21003,932,919.22
21004,932,918.52
21005,932,918.69
21006,932,917.43
21007,932,915.16
21008,932,911.23
21009,932,915.45
21010,932,922.06
21011,932,899.34
21012,932,924.66
21013,932,906.43
21014,932,912.86
21015,932,912.52
21016,932,905.61
21017,932,905.99
21018,932,921.17
21019,932,914.19
21020,932,904.61
21021,932,916.23
21022,932,917.39
21023,932,902.51
21024,932,900.92
21025,932,900.69
21026,932,914.43
21027,932,916.97
21028,932,914.3
21029,932,907.95
21030,932,901.9
21031,932,909.4
21032,932,906.2
21033,932,913.24
21034,932,916.72
21035,932,917.15
21036,932,913.03
21037,932,900.99
21038,932,911.27
21039,932,914.35
21040,932,914.78
21041,932,916.56
21042,932,918.69
21043,932,905.2
21044,932,919.47
21045,932,919.5
21046,932,908.26
21047,932,908.74
21048,932,912.36
21049,932,917.25
21050,932,914.06
21051,932,911.78
21052,932,923.09
21053,932,911.87
21054,932,917.99
21055,932,901.96
21056,932,924.14
21057,932,907.05
21058,932,905.94
21059,932,903.45
21060,932,907.51
21061,932,916.26
21062,932,905.34
21063,932,913.93
21064,932,913.85
21065,932,914.7
21066,932,908.84
21067,932,916.33
21068,932,915.4
21069,932,911.5
21070,932,910.6
21071,932,916.5
21072,932,901.64
21073,932,908.79
21074,932,911.88
21075,932,914.84
21076,932,908.89
21077,932,909.46
21078,932,900.64
21079,932,912.95
21080,932,907.8
21081,932,896.37
21082,932,903.43
21083,932,912.7
21084,932,911.05
21085,932,909.41
21086,932,914.73
21087,932,921.37
21088,932,904.74
21089,932,909.38
21090,932,900.34
21091,932,919.79
21092,932,908.69
21093,932,915.53
21094,932,923.79
21095,932,915.0
21096,932,920.32
21097,932,912.95
21098,932,917.58
21099,932,915.5
21100,932,920.2
21101,932,903.02
21102,932,912.32
21103,932,915.79
21104,932,913.04
21105,932,899.58
21106,932,910.34
21107,932,919.34
21108,932,899.8
21109,932,919.49
21110,932,915.94
21111,932,915.42
21112,932,922.24
21113,932,901.08
21114,932,904.57
21115,932,913.08
21116,932,909.73
21117,932,909.62
21118,932,920.51
21119,932,908.29
21120,932,919.12
21121,932,905.89
21122,932,913.92
21123,932,920.77
21124,932,906.8
21125,932,911.84
21126,932,911.77
21127,932,896.37
21128,932,908.0
21129,932,917.52
21130,932,911.83
21131,932,915.82
21132,932,893.73
21133,932,910.85
21134,932,906.18
21135,932,911.3
21136,932,913.54
21137,932,915.09
21138,932,924.54
21139,932,914.5
21140,932,913.24
21141,932,912.29
21142,932,906.88
21143,932,915.88
21144,932,909.91
21145,932,914.05
21146,932,915.71
21147,932,907.8
21148,932,917.77
21149,932,922.37
21150,932,913.21
21151,932,914.55
21152,932,911.25
21153,932,916.07
21154,932,918.04
21155,932,891.19
21156,932,904.48
21157,932,917.78
21158,932,900.56
21159,932,920.59
21160,932,918.81
21161,932,917.03
21162,932,911.95
21163,932,913.67
21164,932,911.18
21165,932,903.0
21166,932,909.59
21167,932,918.2
21168,932,921.14
21169,932,910.56
21170,932,922.17
21171,932,920.52
21172,932,925.93
21173,932,918.46
21174,932,918.71
21175,932,902.7
21176,932,909.99
21177,932,917.66
21178,932,909.26
21179,932,918.95
21180,932,901.77
21181,932,907.05
21182,932,913.29
21183,932,911.92
21184,932,895.73
21185,932,916.78
21186,932,912.03
21187,932,908.66
21188,932,918.7
21189,932,920.06
21190,932,900.94
21191,932,912.79
21192,932,918.87
21193,932,899.95
21194,932,910.63
21195,932,924.69
21196,932,918.37
21197,932,918.26
21198,932,910.96
21199,932,904.64
21200,932,911.59
21201,932,918.27
21202,932,912.93
21203,932,915.3
21204,932,922.9
21205,932,914.85
21206,932,917.89
21207,932,908.95
21208,932,907.56
21209,932,915.44
21210,932,919.72
21211,932,911.95
21212,932,898.37
21213,932,907.91
21214,932,910.97
21215,932,913.63
21216,932,908.49
21217,932,918.22
21218,932,897.6
21219,932,923.15
21220,932,912.88
21221,932,916.43
21222,932,906.54
21223,932,913.66
21224,932,904.76
21225,932,902.74
21226,932,907.54
21227,932,917.4
21228,932,890.64
21229,932,902.92
21230,932,912.86
21231,932,919.42
21232,932,925.64
21233,932,913.08
21234,932,918.05
21235,932,904.69
21236,932,902.45
21237,932,918.15
21238,932,895.92
21239,932,905.02
21240,932,900.89
21241,932,909.79
21242,932,906.77
21243,932,911.83
21244,932,916.6
21245,932,913.06
21246,932,904.45
21247,932,900.9
21248,932,914.04
21249,932,912.1
21250,932,915.0
21251,932,920.77
21252,932,908.11
21253,932,919.55
21254,932,893.38
21255,932,918.52
21256,932,905.61
21257,932,911.35
21258,932,908.17
21259,932,910.51
21260,932,911.61
21261,932,917.69
21262,932,902.59
21263,932,908.03
21264,932,914.81
21265,932,911.62
21266,932,911.16
21267,932,919.11
21268,932,900.75
21269,932,909.98
21270,932,905.36
21271,932,908.02
21272,932,902.16
21273,932,920.79
21274,932,924.54
21275,932,908.39
21276,932,917.81
21277,932,914.33
21278,932,915.32
21279,932,920.49
21280,932,908.91
21281,932,908.42
21282,932,922.87
21283,932,904.41
21284,932,905.05
21285,932,925.96
21286,932,900.35
21287,932,916.45
21288,932,900.91
21289,932,920.32
21290,932,903.62
21291,932,913.35
21292,932,922.21
21293,932,907.18
21294,932,925.81
21295,932,914.03
21296,932,919.33
21297,932,918.23
21298,932,907.87
21299,932,912.62
21300,932,911.28
21301,932,912.52
21302,932,924.28
21303,932,916.45
21304,932,918.97
21305,932,903.94
21306,932,916.81
21307,932,916.65
21308,932,898.96
21309,932,910.76
21310,932,920.1
21311,932,912.67
21312,932,915.18
21313,932,906.45
21314,932,914.46
21315,932,923.16
21316,932,892.9
21317,932,908.45
21318,932,907.99
21319,932,918.79
21320,932,897.32
21321,932,906.47
21322,932,898.73
21323,932,915.99
21324,932,912.03
21325,932,910.5
21326,932,911.28
21327,932,923.52
21328,932,917.07
21329,932,906.44
21330,932,909.55
21331,932,914.3
21332,932,911.33
21333,932,904.96
21334,932,913.53
21335,932,900.05
21336,932,917.02
21337,932,917.36
21338,932,918.78
21339,932,918.3
21340,932,911.33
21341,932,913.24
21342,932,908.8
21343,932,920.2
21344,932,926.01
21345,932,913.58
21346,932,925.63
21347,932,917.52
21348,932,906.14
21349,932,902.41
21350,932,891.94
21351,932,911.42
21352,932,904.91
21353,932,901.51
21354,932,921.14
21355,932,916.23
21356,932,912.34
21357,932,911.34
21358,932,907.85
21359,932,923.34
21360,932,908.38
21361,932,910.63
21362,932,921.3
21363,932,912.34
21364,932,919.21
21365,932,918.33
21366,932,910.96
21367,932,915.34
21368,932,920.46
21369,932,914.18
21370,932,918.56
21371,932,914.84
21372,932,917.99
21373,932,918.25
21374,932,921.58
21375,932,911.91
21376,932,909.14
21377,932,911.44
21378,932,902.32
21379,932,911.15
21380,932,906.52
21381,932,916.17
21382,932,912.96
21383,932,913.26
21384,932,913.02
21385,932,908.1
21386,932,922.6
21387,932,910.73
21388,932,903.62
21389,932,904.82
21390,932,910.85
21391,932,913.47
21392,932,922.58
21393,932,914.76
21394,932,911.71
21395,932,922.27
21396,932,919.29
21397,932,900.66
21398,932,916.24
21399,932,908.31
21400,932,902.8
21401,932,908.56
21402,932,921.12
21403,932,910.66
21404,932,913.36
21405,932,919.87
21406,932,914.36
21407,932,913.38
21408,932,909.79
21409,932,912.2
21410,932,915.47
21411,932,915.09
21412,932,918.32
21413,932,911.71
21414,932,914.28
21415,932,914.98
21416,932,911.51
21417,932,910.63
21418,932,913.67
21419,932,896.63
21420,932,907.71
21421,932,912.43
21422,932,920.42
21423,932,907.45
21424,932,919.55
21425,932,914.56
21426,932,906.83
21427,932,910.88
21428,932,909.12
21429,932,911.39
21430,932,916.48
21431,932,901.93
21432,932,914.61
21433,932,906.21
21434,932,903.12
21435,932,910.5
21436,932,919.8
21437,932,910.11
21438,932,911.99
21439,932,918.33
21440,932,897.24
21441,932,920.88
21442,932,915.43
21443,932,914.91
21444,932,906.62
21445,932,916.05
21446,932,908.33
21447,932,912.26
21448,932,910.15
21449,932,914.83
21450,932,919.08
21451,932,906.42
21452,932,913.4
21453,932,902.43
21454,932,913.84
21455,932,904.21
21456,932,905.0
21457,932,917.53
21458,932,920.85
21459,932,916.18
21460,932,906.41
21461,932,904.37
21462,932,912.08
21463,932,910.51
21464,932,917.41
21465,932,907.37
21466,932,913.26
21467,932,920.57
21468,932,907.34
21469,932,905.21
21470,932,911.94
21471,932,911.52
21472,932,924.03
21473,932,900.06
21474,932,902.52
21475,932,909.71
21476,932,915.11
21477,932,906.31
21478,932,905.52
21479,932,911.66
21480,932,918.84
21481,932,913.45
21482,932,921.23
21483,932,908.44
21484,932,916.13
21485,932,919.33
21486,932,912.04
21487,932,917.55
21488,932,909.42
21489,932,908.23
21490,932,919.39
21491,932,922.17
21492,932,904.94
21493,932,910.52
21494,932,915.68
21495,932,899.8
21496,932,917.55
21497,932,911.51
21498,932,920.52
21499,932,916.78
21500,932,911.26
21501,932,914.6
21502,932,911.71
21503,932,918.46
21504,932,917.21
21505,932,902.04
21506,932,911.06
21507,932,918.14
21508,932,925.31
21509,932,916.8
21510,932,916.43
21511,932,913.32
21512,932,922.04
21513,932,919.43
21514,932,918.95
21515,932,927.18
21516,932,917.19
21517,932,911.74
21518,932,890.34
21519,932,907.72
21520,932,913.96
21521,932,906.82
21522,932,907.62
21523,932,912.32
21524,932,885.34
21525,932,911.66
21526,932,915.79
21527,932,902.65
21528,932,902.44
21529,932,906.53
21530,932,911.24
21531,932,911.68
21532,932,916.37
21533,932,902.5
21534,932,918.22
21535,932,917.63
21536,932,915.18
21537,932,902.88
21538,932,917.27
21539,932,914.88
21540,932,921.47
21541,932,917.57
21542,932,918.72
21543,932,907.99
21544,932,924.74
21545,932,908.84
21546,932,913.66
21547,932,926.78
21548,932,900.48
21549,932,922.77
21550,932,921.65
21551,932,903.16
21552,932,916.49
21553,932,914.46
21554,932,909.48
21555,932,913.23
21556,932,909.58
21557,932,908.26
21558,932,903.82
21559,932,907.1
21560,932,915.62
21561,932,916.48
21562,932,919.72
21563,932,915.52
21564,932,907.92
21565,932,908.83
21566,932,903.87
21567,932,902.6
21568,932,918.89
21569,932,914.99
21570,932,903.9
21571,932,918.71
21572,932,909.46
21573,932,908.28
21574,932,918.07
21575,932,912.18
21576,932,921.21
21577,932,908.35
21578,932,910.93
21579,932,917.12
21580,932,908.12
21581,932,913.2
21582,932,917.26
21583,932,917.65
21584,932,904.55
21585,932,916.59
21586,932,921.52
21587,932,909.0
21588,932,917.12
21589,932,909.52
21590,932,907.27
21591,932,919.08
21592,932,919.17
21593,932,922.34
21594,932,917.25
21595,932,912.13
21596,932,907.87
21597,932,904.89
21598,932,914.56
21599,932,908.21
21600,932,912.55
21601,932,904.05
21602,932,902.96
21603,932,899.57
21604,932,915.37
21605,932,911.43
21606,932,919.27
21607,932,908.5
21608,932,900.52
21609,932,914.82
21610,932,923.36
21611,932,910.77
21612,932,922.06
21613,932,911.68
21614,932,921.8
21615,932,903.9
21616,932,907.57
21617,932,912.99
21618,932,910.25
21619,932,909.13
21620,932,919.74
21621,932,923.56
21622,932,902.52
21623,932,916.23
21624,932,910.25
21625,932,906.3
21626,932,925.41
21627,932,902.83
21628,932,915.53
21629,932,911.65
21630,932,917.86
21631,932,912.38
21632,932,919.44
21633,932,909.65
21634,932,912.8
21635,932,917.05
21636,932,910.26
21637,932,916.42
21638,932,909.67
21639,932,916.68
21640,932,927.28
21641,932,908.6
21642,932,912.48
21643,932,907.77
21644,932,906.76
21645,932,912.66
21646,932,910.73
21647,932,905.17
21648,932,913.62
21649,932,920.62
21650,932,922.49
21651,932,923.76
21652,932,907.95
21653,932,915.36
21654,932,912.82
21655,932,918.29
21656,932,897.74
21657,932,911.66
21658,932,923.39
21659,932,915.64
21660,932,917.88
21661,932,914.57
21662,932,910.15
21663,932,916.07
21664,932,904.25
21665,932,913.59
21666,932,917.47
21667,932,923.54
21668,932,917.44
21669,932,912.86
21670,932,921.16
21671,932,908.45
21672,932,912.09
21673,932,902.04
21674,932,897.76
21675,932,910.13
21676,932,922.57
21677,932,912.73
21678,932,912.98
21679,932,910.97
21680,932,923.48
21681,932,908.15
21682,932,917.12
21683,932,914.24
21684,932,912.66
21685,932,924.53
21686,932,905.54
21687,932,907.53
21688,932,914.36
21689,932,906.0
21690,932,917.19
21691,932,906.2
21692,932,921.84
21693,932,919.08
21694,932,919.73
21695,932,916.02
21696,932,895.82
21697,932,910.07
21698,932,911.32
21699,932,905.97
21700,932,918.52
21701,932,917.18
21702,932,921.06
21703,932,916.82
21704,932,905.28
21705,932,913.1
21706,932,923.18
21707,932,908.82
21708,932,922.77
21709,932,915.13
21710,932,913.06
21711,932,914.65
21712,932,911.76
21713,932,908.17
21714,932,887.72
21715,932,900.76
21716,932,917.42
21717,932,911.05
21718,932,909.69
21719,932,906.91
21720,932,902.39
21721,932,912.9
21722,932,920.02
21723,932,913.85
21724,932,901.38
21725,932,905.57
21726,932,902.04
21727,932,901.71
21728,932,900.95
21729,932,917.96
21730,932,917.02
21731,932,912.98
21732,932,921.05
21733,932,901.06
21734,932,911.16
21735,932,914.04
21736,932,897.23
21737,932,913.17
21738,932,920.51
21739,932,915.39
21740,932,911.74
21741,932,911.94
21742,932,903.5
21743,932,917.67
21744,932,919.56
21745,932,913.9
21746,932,902.74
21747,932,903.88
21748,932,912.64
21749,932,915.01
21750,932,890.1
21751,932,910.44
21752,932,916.43
21753,932,912.27
21754,932,914.51
21755,932,910.1
21756,932,913.13
21757,932,917.62
21758,932,918.39
21759,932,918.58
21760,932,917.93
21761,932,903.55
21762,932,911.09
21763,932,889.38
21764,932,920.48
21765,932,914.83
21766,932,904.83
21767,932,910.09
21768,932,905.79
21769,932,916.71
21770,932,918.84
21771,932,915.65
21772,932,909.23
21773,932,917.69
21774,932,917.47
21775,932,916.96
21776,932,913.1
21777,932,911.09
21778,932,918.3
21779,932,917.83
21780,932,914.58
21781,932,897.9
21782,932,901.69
21783,932,927.05
21784,932,906.64
21785,932,904.42
21786,932,918.66
21787,932,919.62
21788,932,911.87
21789,932,917.4
21790,932,918.22
21791,932,918.36
21792,932,908.31
21793,932,921.24
21794,932,901.08
21795,932,902.73
21796,932,919.6
21797,932,914.0
21798,932,913.39
21799,932,920.49
21800,932,913.88
21801,932,908.81
21802,932,918.57
21803,932,910.76
21804,932,908.51
21805,932,921.09
21806,932,920.02
21807,932,899.89
21808,932,905.11
21809,932,910.96
21810,932,904.71
21811,932,911.02
21812,932,917.39
21813,932,916.18
21814,932,912.14
21815,932,908.7
21816,932,915.3
21817,932,913.43
21818,932,902.91
21819,932,904.91
21820,932,908.91
21821,932,909.4
21822,932,914.86
21823,932,911.93
21824,932,918.97
21825,932,924.24
21826,932,913.54
21827,932,913.82
21828,932,912.35
21829,932,912.86
21830,932,906.41
21831,932,906.03
21832,932,916.36
21833,932,912.91
21834,932,917.94
21835,932,911.68
21836,932,910.09
21837,932,898.15
21838,932,909.03
21839,932,914.19
21840,932,911.86
21841,932,886.93
21842,932,914.43
21843,932,907.29
21844,932,915.82
21845,932,912.07
21846,932,915.99
21847,932,903.02
21848,932,902.63
21849,932,909.14
21850,932,920.94
21851,932,912.26
21852,932,898.54
21853,932,914.25
21854,932,914.91
21855,932,920.49
21856,932,915.64
21857,932,908.39
21858,932,922.07
21859,932,910.03
21860,932,924.07
21861,932,902.97
21862,932,921.71
21863,932,913.93
21864,932,918.73
21865,932,916.69
21866,932,905.85
21867,932,920.71
21868,932,904.46
21869,932,901.12
21870,932,918.86
21871,932,906.02
21872,932,897.32
21873,932,913.5
21874,932,904.25
21875,932,895.07
21876,932,908.48
21877,932,920.56
21878,932,913.49
21879,932,911.58
21880,932,899.07
21881,932,909.65
21882,932,911.59
21883,932,919.92
21884,932,910.22
21885,932,908.24
21886,932,918.82
21887,932,906.07
21888,932,913.65
21889,932,916.75
21890,932,915.23
21891,932,911.1
21892,932,914.66
21893,932,910.57
21894,932,909.16
21895,932,906.48
21896,932,908.26
21897,932,909.78
21898,932,915.01
21899,932,911.83
21900,932,910.68
21901,932,915.42
21902,932,916.72
21903,932,914.33
21904,932,912.83
21905,932,887.45
21906,932,915.01
21907,932,917.74
21908,932,924.66
21909,932,919.58
21910,932,902.35
21911,932,913.65
21912,932,907.36
21913,932,909.75
21914,932,916.35
21915,932,915.96
21916,932,912.6
21917,932,910.88
21918,932,913.7
21919,932,923.89
21920,932,915.71
21921,932,918.77
21922,932,908.09
21923,932,901.13
21924,932,906.01
21925,932,915.46
21926,932,916.13
21927,932,907.72
21928,932,911.22
21929,932,901.55
21930,932,922.07
21931,932,916.07
21932,932,905.6
21933,932,922.77
21934,932,905.57
21935,932,927.8
21936,932,923.01
21937,932,915.04
21938,932,902.8
21939,932,916.29
21940,932,915.69
21941,932,915.68
21942,932,919.48
21943,932,906.62
21944,932,916.81
21945,932,912.97
21946,932,901.32
21947,932,901.8
21948,932,923.06
21949,932,915.47
21950,932,921.71
21951,932,899.53
21952,932,915.05
21953,932,907.87
21954,932,911.46
21955,932,912.15
21956,932,912.55
21957,932,903.18
21958,932,927.81
21959,932,915.96
21960,932,915.96
21961,932,909.84
21962,932,919.52
21963,932,913.29
21964,932,906.05
21965,932,909.95
21966,932,911.01
21967,932,916.78
21968,932,912.78
21969,932,915.56
21970,932,912.35
21971,932,907.37
21972,932,907.54
21973,932,905.84
21974,932,926.16
21975,932,923.98
21976,932,906.47
21977,932,918.9
21978,932,920.43
21979,932,895.84
21980,932,908.28
21981,932,912.17
21982,932,918.96
21983,932,912.81
21984,932,920.54
21985,932,907.92
21986,932,914.52
21987,932,922.57
21988,932,915.47
21989,932,912.73
21990,932,904.8
21991,932,906.46
21992,932,909.75
21993,932,913.36
21994,932,912.99
21995,932,916.47
21996,932,919.78
21997,932,921.64
21998,932,912.55
21999,932,911.31
22000,932,910.38
22001,932,916.83
22002,932,912.87
22003,932,908.42
22004,932,912.11
22005,932,907.1
22006,932,907.85
22007,932,900.31
22008,932,920.67
22009,932,920.97
22010,932,905.25
22011,932,916.48
22012,932,913.62
22013,932,923.89
22014,932,908.32
22015,932,915.85
22016,932,909.43
22017,932,908.89
22018,932,912.77
22019,932,907.05
22020,932,922.62
22021,932,905.09
22022,932,915.46
22023,932,907.42
22024,932,894.94
22025,932,916.45
22026,932,914.75
22027,932,906.83
22028,932,905.08
22029,932,904.99
22030,932,909.36
22031,932,906.3
22032,932,919.64
22033,932,916.03
22034,932,915.03
22035,932,917.37
22036,932,919.6
22037,932,916.23
22038,932,893.91
22039,932,918.82
22040,932,907.16
22041,932,914.16
22042,932,922.21
22043,932,916.42
22044,932,915.03
22045,932,914.37
22046,932,905.71
22047,932,915.05
22048,932,922.32
22049,932,916.49
22050,932,914.5
22051,932,914.03
22052,932,911.07
22053,932,910.48
22054,932,914.26
22055,932,908.38
22056,932,913.22
22057,932,920.09
22058,932,911.51
22059,932,909.29
22060,932,917.6
22061,932,913.26
22062,932,916.87
22063,932,912.81
22064,932,911.03
22065,932,911.35
22066,932,916.33
22067,932,916.15
22068,932,919.21
22069,932,921.54
22070,932,913.85
22071,932,908.79
22072,932,905.49
22073,932,905.57
22074,932,913.27
22075,932,904.22
22076,932,918.35
22077,932,920.99
22078,932,920.61
22079,932,908.09
22080,932,917.5
22081,932,909.43
22082,932,916.56
22083,932,914.48
22084,932,925.71
22085,932,929.33
22086,932,899.79
22087,932,920.47
22088,932,910.6
22089,932,920.49
22090,932,897.3
22091,932,914.27
22092,932,921.14
22093,932,908.71
22094,932,909.83
22095,932,907.86
22096,932,919.86
22097,932,913.57
22098,932,909.28
22099,932,916.56
22100,932,913.69
22101,932,909.97
22102,932,910.09
22103,932,919.08
22104,932,915.78
22105,932,917.8
22106,932,894.85
22107,932,923.78
22108,932,918.1
22109,932,921.32
22110,932,912.23
22111,932,919.58
22112,932,900.36
22113,932,906.54
22114,932,916.55
22115,932,912.26
22116,932,921.34
22117,932,915.63
22118,932,924.11
22119,932,917.82
22120,932,908.83
22121,932,921.31
22122,932,920.79
22123,932,905.69
22124,932,917.2
22125,932,902.58
22126,932,918.32
22127,932,924.9
22128,932,920.68
22129,932,922.89
22130,932,926.5
22131,932,916.9
22132,932,909.73
22133,932,905.01
22134,932,909.83
22135,932,921.49
22136,932,914.34
22137,932,918.9
22138,932,919.55
22139,932,899.1
22140,932,903.97
22141,932,903.54
22142,932,914.27
22143,932,907.52
22144,932,911.01
22145,932,912.74
22146,932,904.25
22147,932,910.24
22148,932,918.12
22149,932,910.73
22150,932,906.96
22151,932,917.58
22152,932,912.38
22153,932,913.64
22154,932,920.06
22155,932,907.16
22156,932,915.55
22157,932,910.55
22158,932,901.61
22159,932,907.7
22160,932,924.48
22161,932,906.2
22162,932,912.24
22163,932,901.34
22164,932,906.17
22165,932,908.91
22166,932,892.13
22167,932,908.25
22168,932,907.26
22169,932,887.97
22170,932,904.79
22171,932,919.56
22172,932,903.19
22173,932,921.79
22174,932,916.74
22175,932,907.42
22176,932,900.57
22177,932,915.93
22178,932,913.99
22179,932,905.09
22180,932,909.72
22181,932,911.84
22182,932,904.92
22183,932,914.13
22184,932,914.97
22185,932,918.4
22186,932,895.3
22187,932,916.6
22188,932,909.34
22189,932,913.15
22190,932,903.08
22191,932,903.61
22192,932,921.81
22193,932,913.16
22194,932,899.42
22195,932,899.28
22196,932,904.57
22197,932,903.02
22198,932,919.4
22199,932,917.05
22200,932,906.37
22201,932,917.68
22202,932,911.37
22203,932,915.83
22204,932,904.66
22205,932,914.36
22206,932,913.18
22207,932,916.35
22208,932,917.23
22209,932,925.84
22210,932,921.99
22211,932,897.73
22212,932,916.6
22213,932,902.25
22214,932,915.59
22215,932,906.14
22216,932,909.31
22217,932,920.32
22218,932,907.91
22219,932,902.06
22220,932,918.52
22221,932,921.82
22222,932,907.11
22223,932,913.76
22224,932,924.65
22225,932,911.45
22226,932,900.54
22227,932,913.32
22228,932,898.63
22229,932,916.12
22230,932,915.61
22231,932,913.01
22232,932,914.34
22233,932,917.27
22234,932,915.09
22235,932,909.92
22236,932,922.41
22237,932,905.69
22238,932,909.45
22239,932,915.17
22240,932,910.25
22241,932,916.71
22242,932,917.23
22243,932,911.25
22244,932,917.21
22245,932,916.28
22246,932,916.17
22247,932,921.21
22248,932,907.35
22249,932,910.66
22250,932,914.26
22251,932,923.74
22252,932,913.45
22253,932,909.98
22254,932,915.52
22255,932,909.83
22256,932,921.94
22257,932,919.24
22258,932,912.61
22259,932,890.6
22260,932,916.57
22261,932,922.99
22262,932,914.39
22263,932,920.97
22264,932,908.72
22265,932,920.6
22266,932,921.18
22267,932,908.44
22268,932,910.86
22269,932,911.77
22270,932,905.41
22271,932,911.79
22272,932,912.35
22273,932,925.19
22274,932,917.45
22275,932,905.31
22276,932,904.24
22277,932,903.15
22278,932,913.63
22279,932,918.0
22280,932,916.4
22281,932,921.44
22282,932,912.38
22283,932,912.41
22284,932,913.4
22285,932,919.94
22286,932,910.28
22287,932,910.24
22288,932,920.0
22289,932,914.54
22290,932,915.5
22291,932,912.63
22292,932,923.88
22293,932,919.04
22294,932,911.47
22295,932,917.47
22296,932,914.26
22297,932,903.1
22298,932,896.44
22299,932,914.41
22300,932,916.13
22301,932,903.34
22302,932,914.79
22303,932,911.23
22304,932,914.6
22305,932,907.31
22306,932,919.12
22307,932,907.98
22308,932,925.36
22309,932,903.63
22310,932,908.72
22311,932,917.85
22312,932,901.66
22313,932,914.08
22314,932,908.07
22315,932,922.44
22316,932,910.9
22317,932,909.64
22318,932,926.56
22319,932,920.95
22320,932,914.06
22321,932,914.98
22322,932,901.89
22323,932,906.86
22324,932,921.41
22325,932,907.49
22326,932,915.26
22327,932,924.64
22328,932,912.6
22329,932,906.6
22330,932,902.09
22331,932,916.15
22332,932,921.54
22333,932,909.27
22334,932,911.78
22335,932,903.56
22336,932,920.3
22337,932,898.37
22338,932,910.94
22339,932,915.82
22340,932,925.31
22341,932,922.06
22342,932,918.8
22343,932,912.06
22344,932,921.18
22345,932,926.61
22346,932,896.96
22347,932,912.66
22348,932,907.97
22349,932,922.61
22350,932,905.72
22351,932,923.58
22352,932,921.77
22353,932,910.84
22354,932,910.72
22355,932,907.84
22356,932,911.04
22357,932,907.79
22358,932,909.52
22359,932,895.16
22360,932,910.67
22361,932,912.16
22362,932,920.74
22363,932,916.43
22364,932,911.87
22365,932,905.87
22366,932,910.91
22367,932,904.12
22368,932,896.28
22369,932,918.72
22370,932,899.39
22371,932,915.65
22372,932,920.3
22373,932,921.92
22374,932,919.74
22375,932,924.98
22376,932,913.21
22377,932,912.29
22378,932,921.59
22379,932,908.44
22380,932,906.24
22381,932,910.12
22382,932,910.93
22383,932,912.22
22384,932,915.58
22385,932,921.49
22386,932,905.09
22387,932,913.2
22388,932,923.04
22389,932,910.25
22390,932,919.9
22391,932,927.4
22392,932,905.73
22393,932,912.98
22394,932,905.55
22395,932,895.51
22396,932,919.45
22397,932,918.42
22398,932,912.05
22399,932,908.56
22400,932,911.18
22401,932,916.34
22402,932,907.53
22403,932,912.28
22404,932,910.92
22405,932,905.96
22406,932,916.71
22407,932,908.79
22408,932,901.49
22409,932,907.2
22410,932,911.64
22411,932,909.61
22412,932,923.39
22413,932,889.25
22414,932,909.19
22415,932,906.67
22416,932,899.18
22417,932,909.59
22418,932,914.19
22419,932,914.62
22420,932,905.92
22421,932,920.28
22422,932,909.34
22423,932,888.49
22424,932,918.02
22425,932,907.26
22426,932,909.3
22427,932,907.8
22428,932,909.77
22429,932,924.06
22430,932,908.38
22431,932,912.13
22432,932,907.12
22433,932,919.31
22434,932,899.38
22435,932,917.62
22436,932,915.14
22437,932,904.16
22438,932,919.02
22439,932,899.35
22440,932,915.3
22441,932,902.45
22442,932,916.09
22443,932,910.98
22444,932,914.74
22445,932,906.18
22446,932,912.84
22447,932,912.07
22448,932,907.13
22449,932,917.77
22450,932,910.13
22451,932,917.17
22452,932,916.8
22453,932,908.26
22454,932,903.32
22455,932,912.44
22456,932,916.87
22457,932,905.86
22458,932,910.27
22459,932,901.12
22460,932,919.87
22461,932,915.09
22462,932,907.91
22463,932,924.14
22464,932,923.16
22465,932,902.99
22466,932,918.03
22467,932,913.8
22468,932,916.52
22469,932,923.06
22470,932,918.91
22471,932,907.22
22472,932,905.08
22473,932,922.44
22474,932,904.42
22475,932,914.93
22476,932,912.36
22477,932,910.13
22478,932,928.5
22479,932,911.35
22480,932,909.87
22481,932,921.26
22482,932,914.33
22483,932,911.75
22484,932,911.32
22485,932,908.01
22486,932,915.21
22487,932,917.18
22488,932,909.52
22489,932,914.58
22490,932,914.17
22491,932,904.75
22492,932,910.61
22493,932,914.83
22494,932,912.5
22495,932,911.53
22496,932,889.33
22497,932,897.92
22498,932,913.11
22499,932,922.26
22500,932,914.25
22501,932,902.64
22502,932,915.13
22503,932,914.2
22504,932,898.53
22505,932,905.88
22506,932,917.15
22507,932,913.35
22508,932,924.97
22509,932,916.27
22510,932,911.52
22511,932,918.68
22512,932,914.13
22513,932,913.02
22514,932,908.97
22515,932,913.66
22516,932,915.26
22517,932,904.99
22518,932,909.47
22519,932,907.07
22520,932,908.48
22521,932,917.63
22522,932,906.1
22523,932,906.88
22524,932,894.34
22525,932,917.85
22526,932,906.23
22527,932,911.63
22528,932,922.79
22529,932,922.71
22530,932,913.54
22531,932,915.9
22532,932,899.09
22533,932,905.82
22534,932,912.16
22535,932,909.18
22536,932,921.78
22537,932,908.68
22538,932,918.47
22539,932,915.95
22540,932,909.96
22541,932,911.37
22542,932,902.87
22543,932,916.86
22544,932,912.48
22545,932,914.85
22546,932,909.38
22547,932,920.61
22548,932,913.81
22549,932,898.78
22550,932,916.79
22551,932,914.46
22552,932,908.42
22553,932,896.89
22554,932,917.76
22555,932,908.38
22556,932,914.69
22557,932,900.56
22558,932,910.45
22559,932,905.76
22560,932,910.01
22561,932,903.85
22562,932,904.65
22563,932,914.72
22564,932,925.21
22565,932,917.97
22566,932,912.86
22567,932,914.57
22568,932,915.01
22569,932,906.0
22570,932,913.25
22571,932,910.23
22572,932,921.01
22573,932,902.55
22574,932,911.18
22575,932,917.72
22576,932,910.04
22577,932,905.09
22578,932,919.79
22579,932,920.25
22580,932,919.18
22581,932,916.16
22582,932,914.58
22583,932,919.93
22584,932,919.63
22585,932,915.0
22586,932,918.75
22587,932,921.09
22588,932,921.51
22589,932,912.53
22590,932,917.5
22591,932,910.46
22592,932,909.98
22593,932,926.31
22594,932,917.29
22595,932,915.05
22596,932,918.44
22597,932,917.77
22598,932,921.51
22599,932,907.94
22600,932,914.08
22601,932,914.24
22602,932,918.21
22603,932,916.53
22604,932,894.32
22605,932,921.67
22606,932,921.02
22607,932,909.21
22608,932,912.93
22609,932,912.84
22610,932,908.94
22611,932,929.7
22612,932,912.59
22613,932,919.96
22614,932,902.54
22615,932,891.04
22616,932,913.08
22617,932,921.35
22618,932,909.1
22619,932,914.27
22620,932,907.82
22621,932,907.12
22622,932,906.72
22623,932,919.31
22624,932,917.74
22625,932,906.76
22626,932,916.74
22627,932,901.43
22628,932,912.68
22629,932,916.56
22630,932,909.71
22631,932,897.77
22632,932,907.1
22633,932,912.63
22634,932,904.91
22635,932,914.18
22636,932,925.96
22637,932,906.96
22638,932,918.83
22639,932,902.44
22640,932,915.31
22641,932,918.61
22642,932,908.75
22643,932,914.37
22644,932,922.14
22645,932,913.82
22646,932,903.53
22647,932,911.53
22648,932,911.53
22649,932,917.83
22650,932,916.04
22651,932,909.0
22652,932,919.89
22653,932,909.3
22654,932,909.89
22655,932,908.28
22656,932,914.32
22657,932,901.0
22658,932,908.03
22659,932,917.14
22660,932,905.08
22661,932,907.67
22662,932,911.5
22663,932,901.02
22664,932,903.54
22665,932,922.16
22666,932,911.84
22667,932,915.6
22668,932,922.56
22669,932,901.2
22670,932,905.83
22671,932,904.57
22672,932,909.83
22673,932,918.23
22674,932,912.08
22675,932,916.22
22676,932,914.81
22677,932,917.89
22678,932,918.2
22679,932,913.29
22680,932,911.15
22681,932,907.2
22682,932,916.34
22683,932,920.67
22684,932,917.92
22685,932,907.29
22686,932,909.34
22687,932,912.96
22688,932,906.47
22689,932,909.23
22690,932,914.33
22691,932,901.81
22692,932,917.74
22693,932,913.2
22694,932,909.96
22695,932,922.09
22696,932,915.36
22697,932,915.71
22698,932,924.58
22699,932,908.06
22700,932,908.07
22701,932,922.16
22702,932,911.46
22703,932,918.12
22704,932,910.4
22705,932,908.98
22706,932,906.46
22707,932,921.34
22708,932,919.93
22709,932,918.53
22710,932,905.4
22711,932,914.24
22712,932,911.73
22713,932,913.66
22714,932,921.36
22715,932,913.8
22716,932,911.3
22717,932,917.05
22718,932,915.81
22719,932,914.64
22720,932,907.86
22721,932,911.71
22722,932,922.16
22723,932,913.8
22724,932,900.88
22725,932,913.76
22726,932,924.27
22727,932,900.72
22728,932,921.96
22729,932,912.05
22730,932,902.12
22731,932,912.82
22732,932,910.63
22733,932,913.65
22734,932,924.15
22735,932,916.48
22736,932,910.84
22737,932,915.65
22738,932,919.82
22739,932,917.97
22740,932,910.7
22741,932,912.96
22742,932,913.63
22743,932,912.47
22744,932,910.08
22745,932,905.35
22746,932,914.87
22747,932,915.51
22748,932,911.0
22749,932,918.26
22750,932,902.17
22751,932,909.24
22752,932,905.4
22753,932,914.55
22754,932,917.08
22755,932,915.0
22756,932,914.28
22757,932,916.19
22758,932,905.47
22759,932,906.63
22760,932,899.43
22761,932,908.33
22762,932,912.52
22763,932,916.68
22764,932,901.35
22765,932,912.35
22766,932,915.77
22767,932,923.61
22768,932,922.39
22769,932,909.71
22770,932,919.34
22771,932,912.68
22772,932,916.48
22773,932,927.51
22774,932,912.9
22775,932,924.32
22776,932,905.19
22777,932,912.0
22778,932,897.72
22779,932,911.28
22780,932,904.02
22781,932,916.39
22782,932,912.6
22783,932,912.48
22784,932,909.49
22785,932,910.69
22786,932,917.02
22787,932,902.56
22788,932,911.76
22789,932,912.09
22790,932,915.03
22791,932,907.39
22792,932,916.49
22793,932,910.98
22794,932,909.89
22795,932,920.91
22796,932,920.05
22797,932,913.5
22798,932,916.98
22799,932,918.43
22800,932,905.59
22801,932,920.74
22802,932,921.1
22803,932,913.84
22804,932,915.13
22805,932,913.5
22806,932,921.27
22807,932,916.67
22808,932,921.66
22809,932,919.92
22810,932,906.05
22811,932,915.67
22812,932,917.78
22813,932,902.62
22814,932,897.22
22815,932,909.94
22816,932,921.42
22817,932,900.33
22818,932,909.08
22819,932,921.11
22820,932,915.67
22821,932,927.0
22822,932,916.67
22823,932,925.46
22824,932,912.62
22825,932,913.47
22826,932,901.3
22827,932,894.17
22828,932,891.03
22829,932,910.13
22830,932,913.16
22831,932,917.69
22832,932,918.83
22833,932,923.37
22834,932,904.88
22835,932,912.3
22836,932,913.06
22837,932,912.57
22838,932,894.09
22839,932,906.74
22840,932,917.83
22841,932,903.31
22842,932,911.21
22843,932,916.37
22844,932,903.33
22845,932,908.15
22846,932,908.7
22847,932,911.95
22848,932,920.17
22849,932,905.69
22850,932,914.16
22851,932,910.86
22852,932,914.57
22853,932,916.91
22854,932,922.36
22855,932,911.18
22856,932,903.84
22857,932,916.94
22858,932,920.52
22859,932,906.8
22860,932,911.81
22861,932,920.82
22862,932,910.69
22863,932,920.52
22864,932,895.75
22865,932,907.29
22866,932,922.0
22867,932,897.64
22868,932,912.16
22869,932,915.98
22870,932,916.5
22871,932,913.76
22872,932,913.2
22873,932,911.33
22874,932,906.48
22875,932,906.49
22876,932,911.16
22877,932,914.08
22878,932,900.69
22879,932,909.86
22880,932,917.75
22881,932,911.02
22882,932,921.6
22883,932,917.53
22884,932,911.94
22885,932,904.88
22886,932,909.76
22887,932,919.6
22888,932,914.17
22889,932,909.18
22890,932,922.47
22891,932,914.45
22892,932,912.52
22893,932,915.03
22894,932,907.52
22895,932,908.08
22896,932,913.54
22897,932,901.05
22898,932,904.9
22899,932,912.26
22900,932,916.27
22901,932,919.99
22902,932,915.48
22903,932,908.5
22904,932,913.19
22905,932,904.21
22906,932,919.42
22907,932,913.86
22908,932,902.42
22909,932,917.82
22910,932,918.52
22911,932,919.77
22912,932,921.49
22913,932,915.05
22914,932,915.05
22915,932,913.18
22916,932,915.58
22917,932,916.07
22918,932,918.95
22919,932,909.24
22920,932,917.82
22921,932,907.9
22922,932,926.28
22923,932,915.35
22924,932,920.81
22925,932,914.0
22926,932,903.78
22927,932,919.46
22928,932,909.69
22929,932,918.65
22930,932,908.79
22931,932,917.26
22932,932,916.27
22933,932,895.16
22934,932,910.42
22935,932,917.85
22936,932,919.57
22937,932,903.95
22938,932,906.53
22939,932,924.27
22940,932,920.04
22941,932,916.4
22942,932,906.12
22943,932,917.53
22944,932,918.16
22945,932,920.41
22946,932,913.54
22947,932,911.0
22948,932,916.83
22949,932,908.85
22950,932,916.95
22951,932,914.3
22952,932,909.04
22953,932,918.32
22954,932,908.22
22955,932,901.38
22956,932,919.81
22957,932,922.34
22958,932,908.74
22959,932,912.7
22960,932,896.36
22961,932,904.78
22962,932,909.55
22963,932,918.72
22964,932,921.0
22965,932,913.53
22966,932,901.88
22967,932,914.17
22968,932,912.69
22969,932,922.27
22970,932,906.77
22971,932,918.49
22972,932,903.97
22973,932,917.35
22974,932,917.1
22975,932,917.52
22976,932,915.41
22977,932,911.77
22978,932,911.64
22979,932,906.19
22980,932,918.18
22981,932,914.37
22982,932,915.59
22983,932,903.98
22984,932,922.29
22985,932,903.34
22986,932,913.37
22987,932,914.28
22988,932,909.67
22989,932,913.04
22990,932,919.21
22991,932,912.85
22992,932,918.95
22993,932,908.03
22994,932,914.5
22995,932,923.36
22996,932,914.04
22997,932,905.36
22998,932,913.13
22999,932,895.15
23000,932,925.01
23001,932,920.15
23002,932,919.87
23003,932,901.95
23004,932,911.22
23005,932,914.59
23006,932,912.38
23007,932,910.81
23008,932,910.57
23009,932,911.47
23010,932,894.36
23011,932,918.27
23012,932,905.49
23013,932,921.39
23014,932,908.68
23015,932,907.6
23016,932,915.47
23017,932,909.96
23018,932,917.41
23019,932,908.53
23020,932,909.66
23021,932,903.31
23022,932,912.75
23023,932,925.26
23024,932,915.68
23025,932,921.44
23026,932,908.55
23027,932,911.27
23028,932,909.04
23029,932,916.49
23030,932,913.51
23031,932,912.61
23032,932,914.28
23033,932,908.53
23034,932,918.52
23035,932,916.73
23036,932,893.08
23037,932,914.58
23038,932,924.43
23039,932,913.3
23040,932,907.02
23041,932,906.35
23042,932,918.07
23043,932,911.89
23044,932,909.45
23045,932,914.17
23046,932,922.81
23047,932,923.41
23048,932,915.79
23049,932,918.56
23050,932,913.99
23051,932,918.29
23052,932,910.72
23053,932,912.47
23054,932,917.48
23055,932,911.05
23056,932,901.35
23057,932,905.74
23058,932,904.34
23059,932,913.73
23060,932,912.25
23061,932,917.78
23062,932,903.02
23063,932,914.54
23064,932,923.7
23065,932,914.28
23066,932,910.56
23067,932,918.01
23068,932,917.37
23069,932,921.37
23070,932,908.73
23071,932,921.22
23072,932,914.44
23073,932,914.93
23074,932,924.31
23075,932,924.51
23076,932,925.04
23077,932,910.45
23078,932,913.07
23079,932,920.87
23080,932,889.96
23081,932,914.61
23082,932,906.64
23083,932,923.68
23084,932,923.46
23085,932,924.36
23086,932,925.18
23087,932,910.21
23088,932,911.03
23089,932,919.04
23090,932,904.13
23091,932,912.45
23092,932,918.94
23093,932,913.47
23094,932,912.21
23095,932,912.44
23096,932,903.49
23097,932,908.97
23098,932,910.48
23099,932,913.62
23100,932,910.56
23101,932,923.61
23102,932,914.64
23103,932,916.92
23104,932,917.59
23105,932,919.54
23106,932,914.11
23107,932,905.86
23108,932,915.33
23109,932,923.88
23110,932,913.97
23111,932,904.27
23112,932,922.59
23113,932,906.0
23114,932,922.52
23115,932,909.08
23116,932,903.27
23117,932,911.0
23118,932,903.32
23119,932,910.31
23120,932,909.12
23121,932,905.88
23122,932,917.78
23123,932,904.48
23124,932,920.62
23125,932,911.8
23126,932,913.27
23127,932,916.63
23128,932,917.95
23129,932,918.87
23130,932,928.15
23131,932,913.14
23132,932,917.1
23133,932,920.3
23134,932,913.97
23135,932,911.54
23136,932,904.0
23137,932,920.44
23138,932,909.96
23139,932,919.87
23140,932,906.89
23141,932,917.23
23142,932,917.7
23143,932,894.53
23144,932,915.94
23145,932,911.68
23146,932,911.99
23147,932,922.19
23148,932,914.95
23149,932,909.2
23150,932,917.33
23151,932,907.5
23152,932,922.92
23153,932,911.78
23154,932,905.01
23155,932,905.59
23156,932,909.63
23157,932,922.19
23158,932,916.23
23159,932,923.41
23160,932,904.82
23161,932,908.38
23162,932,919.64
23163,932,919.25
23164,932,920.43
23165,932,906.78
23166,932,916.19
23167,932,892.61
23168,932,921.04
23169,932,915.94
23170,932,914.35
23171,932,907.15
23172,932,913.14
23173,932,906.29
23174,932,899.45
23175,932,910.77
23176,932,921.46
23177,932,913.44
23178,932,912.82
23179,932,889.26
23180,932,914.54
23181,932,921.29
23182,932,910.07
23183,932,906.54
23184,932,912.69
23185,932,897.3
23186,932,908.43
23187,932,916.73
23188,932,920.47
23189,932,921.22
23190,932,903.2
23191,932,917.34
23192,932,915.33
23193,932,915.77
23194,932,915.24
23195,932,918.68
23196,932,899.46
23197,932,907.07
23198,932,910.75
23199,932,908.29
23200,932,912.93
23201,932,906.68
23202,932,904.45
23203,932,914.98
23204,932,909.25
23205,932,910.21
23206,932,917.93
23207,932,909.8
23208,932,909.88
23209,932,910.71
23210,932,919.57
23211,932,894.46
23212,932,900.83
23213,932,908.88
23214,932,921.37
23215,932,904.59
23216,932,909.19
23217,932,906.32
23218,932,917.47
23219,932,907.26
23220,932,912.1
23221,932,896.78
23222,932,908.95
23223,932,915.56
23224,932,922.62
23225,932,904.64
23226,932,917.63
23227,932,909.13
23228,932,916.95
23229,932,903.5
23230,932,911.24
23231,932,897.54
23232,932,917.54
23233,932,919.77
23234,932,908.35
23235,932,918.91
23236,932,914.56
23237,932,907.2
23238,932,889.48
23239,932,905.32
23240,932,916.6
23241,932,919.29
23242,932,913.64
23243,932,901.96
23244,932,919.92
23245,932,920.56
23246,932,917.4
23247,932,914.4
23248,932,910.44
23249,932,901.77
23250,932,908.1
23251,932,915.55
23252,932,921.63
23253,932,910.71
23254,932,913.05
23255,932,911.11
23256,932,903.56
23257,932,897.17
23258,932,908.09
23259,932,922.41
23260,932,914.77
23261,932,920.39
23262,932,912.98
23263,932,926.05
23264,932,915.62
23265,932,925.41
23266,932,916.59
23267,932,912.49
23268,932,908.58
23269,932,909.3
23270,932,918.44
23271,932,914.91
23272,932,920.98
23273,932,911.8
23274,932,903.52
23275,932,911.44
23276,932,913.35
23277,932,913.56
23278,932,915.95
23279,932,915.76
23280,932,904.66
23281,932,902.64
23282,932,918.0
23283,932,918.1
23284,932,916.98
23285,932,916.84
23286,932,907.81
23287,932,924.59
23288,932,919.84
23289,932,918.65
23290,932,911.18
23291,932,920.44
23292,932,919.4
23293,932,908.68
23294,932,903.13
23295,932,901.64
23296,932,911.9
23297,932,917.67
23298,932,914.95
23299,932,906.84
23300,932,921.23
23301,932,912.89
23302,932,917.89
23303,932,905.29
23304,932,922.62
23305,932,920.74
23306,932,923.26
23307,932,924.08
23308,932,916.72
23309,932,910.59
23310,932,912.59
23311,932,902.6
23312,932,905.89
23313,932,910.83
23314,932,913.67
23315,932,907.96
23316,932,891.7
23317,932,911.79
23318,932,910.54
23319,932,914.63
23320,932,922.99
23321,932,914.11
23322,932,907.52
23323,932,917.02
23324,932,911.01
23325,932,910.72
23326,932,908.96
23327,932,920.94
23328,932,910.44
23329,932,916.15
23330,932,909.66
23331,932,907.22
23332,932,900.89
23333,932,904.7
23334,932,909.72
23335,932,905.43
23336,932,907.9
23337,932,916.08
23338,932,901.7
23339,932,914.1
23340,932,900.02
23341,932,920.94
